X n1 n2 n3 n4 n5 n6 n7 n8 n9 n10 n11 n12 n13 n14 n15 n16 n17 n18 n19 n20 n21 n22 n23 n24 n25 n26 n27 n28 n29 n30 n31 n32 n33 n34 n35 n36 n37 n38 n39 n40 n41 n42 n43 n44 n45 n46 n47 n48 n49 n50 n51 n52 n53 n54 n55 n56 n57 n58 n59 n60 n61 n62 n63 n64 n65 n66 n67 n68 n69 n70 n71 n72 n73 n74 n75 n76 n77 n78 n79 n80 n81 n82 n83 n84 n85 n86 n87 n88 n89 n90 n91 n92 n93 n94 n95 n96 n97 n98 n99 n100
n1 0 6 5 0 0 0 6 0 0 3 0 0 2 7 8 0 0 2 0 1 0 0 6 0 7 0 0 0 1 0 0 2 0 0 0 8 0 2 6 7 0 0 0 0 1 0 2 0 0 7 0 0 0 2 0 0 2 0 0 0 0 2 0 4 0 8 0 0 0 0 0 0 0 5 8 0 2 8 6 0 0 2 4 0 0 4 1 0 0 0 0 2 0 0 0 0 7 7 8 0
n2 0 0 3 0 7 7 0 4 6 0 0 0 5 0 2 8 1 0 0 0 5 6 7 0 6 6 0 0 0 7 0 0 0 2 2 0 8 5 0 0 0 0 4 0 0 1 0 0 1 0 6 0 0 0 0 0 7 0 0 6 1 0 0 0 8 6 0 0 0 0 0 4 3 7 0 0 0 1 0 0 6 4 2 5 0 0 0 5 0 0 0 6 7 8 4 0 6 2 0 0
n3 0 0 0 0 0 4 0 0 8 0 0 0 1 4 0 5 0 0 5 0 0 0 5 8 0 4 0 0 0 0 5 7 0 7 0 0 2 0 0 0 4 5 0 0 4 0 6 3 7 0 8 0 0 0 0 0 0 2 0 1 8 5 1 0 3 8 4 0 4 0 2 2 0 0 1 0 0 6 0 0 0 4 0 3 3 5 0 0 5 2 7 2 3 0 0 8 8 0 5 0
n4 0 0 0 0 0 0 3 0 0 0 8 1 8 7 0 2 0 0 0 0 0 3 0 0 0 0 4 5 2 0 5 1 7 8 6 8 5 5 1 1 0 0 8 0 8 3 0 7 0 4 0 2 0 0 0 0 7 7 0 3 0 0 0 0 5 0 0 0 6 0 0 3 0 0 0 4 0 0 6 4 0 0 8 0 4 3 0 0 8 0 0 0 0 2 0 1 7 0 2 4
n5 0 0 0 0 0 6 1 1 0 0 0 0 0 0 0 0 6 3 4 2 0 0 1 0 8 2 0 1 6 0 0 0 2 0 3 5 0 0 3 0 4 0 0 0 1 4 7 8 3 5 0 3 2 0 0 7 0 5 0 0 0 1 3 0 0 3 0 2 6 0 0 0 2 0 0 0 0 6 4 6 0 0 7 3 0 8 7 7 0 0 0 5 0 0 7 6 0 0 2 3
n6 0 0 0 0 0 0 0 4 0 7 3 5 0 0 2 4 0 0 7 4 0 3 8 0 6 0 0 2 0 6 7 5 0 0 2 7 0 3 4 0 7 1 5 0 0 0 0 7 0 1 0 4 8 0 0 8 7 0 0 0 0 0 5 2 3 0 5 7 0 0 0 5 5 5 7 7 6 4 0 0 4 0 3 0 4 0 0 0 3 1 6 0 0 2 0 0 8 0 0 0
n7 0 0 0 0 0 0 0 3 0 1 6 1 0 4 0 6 6 4 0 0 6 0 0 8 4 0 0 0 0 7 0 5 3 0 2 0 2 0 1 7 3 5 1 0 0 2 0 0 0 7 2 3 0 4 5 5 1 5 0 0 0 4 0 0 5 0 5 0 8 0 0 1 0 0 0 0 0 0 0 0 0 0 0 5 0 0 0 0 0 2 5 1 0 0 0 0 0 5 0 0
n8 0 0 0 0 0 0 0 0 1 0 0 0 1 0 0 0 2 2 7 0 0 0 0 0 0 7 0 0 2 0 0 8 0 7 7 0 4 7 0 8 0 0 6 4 1 5 5 0 0 7 4 0 7 0 0 1 7 0 0 0 0 4 1 6 2 3 0 7 0 6 1 4 5 0 0 2 0 3 0 0 2 3 0 7 0 0 0 0 2 0 0 1 6 5 3 0 0 0 7 0
n9 0 0 0 0 0 0 0 0 0 2 0 0 2 8 0 5 6 6 0 7 8 0 0 0 8 0 8 7 0 5 2 0 6 5 5 4 0 0 0 2 0 0 1 0 0 0 1 0 8 0 0 0 4 1 0 7 3 0 0 0 7 4 7 0 1 7 0 5 7 1 2 5 3 0 0 4 0 0 0 0 0 5 3 1 0 0 0 0 0 8 0 0 0 6 0 3 0 0 8 5
n10 0 0 0 0 0 0 0 0 0 0 7 5 2 0 1 0 3 3 0 8 0 0 0 0 7 0 2 0 2 0 0 0 0 0 0 3 0 8 2 0 6 0 0 0 0 3 0 0 0 0 0 0 0 0 4 0 0 8 0 0 0 0 0 2 8 0 7 5 0 0 2 7 4 1 0 4 7 7 0 1 0 0 7 0 8 0 0 6 1 0 5 0 0 0 6 0 0 0 0 0
n11 0 0 0 0 0 0 0 0 0 0 0 0 1 0 2 0 0 0 3 1 0 1 4 7 0 0 3 7 4 0 0 8 0 0 4 0 0 0 0 0 0 0 5 1 1 0 0 0 0 0 6 0 7 0 4 8 7 8 0 0 8 0 4 0 0 4 4 0 8 4 0 0 0 0 6 6 0 0 2 0 0 6 0 0 0 2 2 1 0 8 0 1 0 0 7 0 0 8 1 0
n12 0 0 0 0 0 0 0 0 0 0 0 0 0 0 7 5 8 4 0 6 0 0 0 0 0 3 0 0 3 1 3 5 0 5 0 5 0 0 0 6 0 0 0 2 1 1 2 2 0 0 0 0 0 1 3 4 1 0 0 6 5 0 0 8 0 1 0 0 1 0 2 5 0 3 8 0 8 0 1 0 1 0 0 8 7 0 0 8 0 0 7 5 0 0 0 0 0 0 1 0
n13 0 0 0 0 0 0 0 0 0 0 0 0 0 0 7 0 0 0 0 0 3 0 6 0 0 8 0 0 5 0 0 0 0 0 0 2 3 0 8 0 8 4 0 0 8 0 0 0 4 5 4 0 0 0 4 0 7 0 0 0 0 8 0 5 0 0 0 0 5 1 0 0 0 3 1 2 0 0 0 0 2 0 8 7 6 0 2 0 0 2 8 2 0 5 4 1 0 0 6 0
n14 0 0 0 0 0 0 0 0 0 0 0 0 0 0 0 0 0 0 0 0 0 0 0 2 0 0 1 1 4 0 0 2 1 7 0 0 0 0 0 4 6 0 7 0 0 0 0 0 2 0 0 3 5 0 0 6 8 8 7 0 5 7 8 0 0 3 0 0 0 8 0 0 0 8 2 0 0 8 0 0 0 0 0 6 0 3 5 0 5 0 6 0 0 3 4 3 2 7 0 0
n15 0 0 0 0 0 0 0 0 0 0 0 0 0 0 0 0 0 3 0 0 2 0 0 7 0 1 0 4 0 0 8 0 0 0 2 0 6 7 4 0 0 0 5 0 4 5 0 0 7 4 8 4 8 2 0 0 6 0 5 0 3 2 7 7 0 5 0 1 0 3 0 5 0 0 0 7 0 0 6 0 2 5 4 0 0 0 1 8 0 7 0 2 8 4 0 1 8 4 0 2
n16 0 0 0 0 0 0 0 0 0 0 0 0 0 0 0 0 8 3 0 0 0 0 0 4 8 0 0 0 0 4 0 0 1 4 0 6 0 8 0 0 1 3 1 0 0 0 0 0 6 4 6 6 2 0 4 1 0 0 2 0 6 0 2 0 0 0 1 0 0 6 7 0 0 6 7 7 0 4 2 0 0 4 1 0 0 8 0 0 0 0 0 0 0 7 3 0 1 1 6 0
n17 0 0 0 0 0 0 0 0 0 0 0 0 0 0 0 0 0 3 0 0 0 2 7 0 0 0 0 7 1 0 0 0 0 3 0 2 0 0 5 0 0 3 7 7 0 0 3 0 0 0 0 0 1 0 4 3 4 0 6 0 1 0 0 4 7 0 0 7 0 0 7 5 2 1 6 0 3 0 4 0 1 0 6 0 6 0 3 4 0 3 5 0 0 1 0 1 0 2 2 5
n18 0 0 0 0 0 0 0 0 0 0 0 0 0 0 0 0 0 0 0 5 0 0 0 0 0 4 0 0 0 8 1 0 2 0 7 0 3 1 2 0 0 1 7 0 0 1 2 1 6 0 7 5 8 0 0 0 0 0 3 0 0 0 8 6 5 3 6 0 8 0 5 0 0 0 0 4 0 0 2 8 0 0 1 0 5 0 0 4 1 0 0 1 6 0 0 0 4 0 0 0
n19 0 0 0 0 0 0 0 0 0 0 0 0 0 0 0 0 0 0 0 0 4 5 0 0 0 0 0 0 6 0 6 0 0 5 0 4 4 0 2 5 2 0 8 0 3 1 0 0 0 0 8 0 4 0 8 7 1 0 4 0 2 0 0 0 2 0 0 0 3 0 0 1 0 0 0 0 0 5 0 0 5 4 0 2 8 0 4 1 4 8 3 8 3 1 4 3 0 0 3 2
n20 0 0 0 0 0 0 0 0 0 0 0 0 0 0 0 0 0 0 0 0 0 0 4 0 0 2 0 7 7 7 0 8 2 0 0 0 0 0 4 8 7 0 0 0 0 0 0 0 0 1 0 0 0 4 4 0 4 3 6 0 0 0 0 6 0 0 8 2 0 0 5 0 4 0 2 0 5 5 2 0 5 7 0 0 6 2 0 0 8 6 0 0 0 0 5 0 6 0 5 4
n21 0 0 0 0 0 0 0 0 0 0 0 0 0 0 0 0 0 0 0 0 0 0 0 0 0 0 0 0 6 0 1 4 0 8 0 0 0 2 0 0 4 0 2 6 0 0 0 5 4 5 2 4 0 0 0 3 8 6 0 0 5 1 0 6 7 1 7 7 0 8 2 3 0 1 0 6 0 0 0 5 2 0 2 1 0 0 5 8 6 0 0 5 0 6 7 0 4 3 3 0
n22 0 0 0 0 0 0 0 0 0 0 0 0 0 0 0 0 0 0 0 0 0 0 7 0 1 0 2 5 0 0 0 3 0 0 5 7 7 4 0 1 7 0 3 4 0 0 6 0 6 4 0 8 0 3 4 0 3 1 7 6 5 0 6 5 7 7 6 4 8 0 0 0 5 0 1 2 1 0 6 0 0 0 0 0 0 0 6 0 6 0 0 0 6 0 0 4 8 0 5 0
n23 0 0 0 0 0 0 0 0 0 0 0 0 0 0 0 0 0 0 0 0 0 0 0 0 6 0 0 0 0 6 7 0 0 0 2 5 0 2 0 0 2 3 6 0 1 5 0 8 0 5 0 0 4 0 3 4 0 0 0 0 2 0 4 4 3 0 0 0 0 0 8 3 6 0 0 0 0 6 0 0 8 8 0 4 3 8 0 2 0 6 8 0 0 0 2 0 0 5 0 0
n24 0 0 0 0 0 0 0 0 0 0 0 0 0 0 0 0 0 0 0 0 0 0 0 0 4 0 2 0 0 5 0 7 5 0 7 0 0 1 0 0 0 0 5 0 0 4 0 0 6 7 0 0 1 0 0 5 5 2 0 4 0 4 4 8 7 0 0 0 0 0 0 0 0 0 3 8 2 0 5 5 0 5 3 0 1 0 0 0 0 0 6 0 7 0 0 2 0 6 0 0
n25 0 0 0 0 0 0 0 0 0 0 0 0 0 0 0 0 0 0 0 0 0 0 0 0 0 0 0 0 5 0 8 0 0 7 3 0 0 5 1 8 8 0 0 6 8 7 0 2 7 0 0 4 4 4 0 0 0 5 6 4 6 0 8 0 0 2 0 0 2 0 0 4 8 0 8 1 0 2 0 7 4 3 6 3 0 0 8 2 7 0 0 4 4 0 2 0 0 0 0 0
n26 0 0 0 0 0 0 0 0 0 0 0 0 0 0 0 0 0 0 0 0 0 0 0 0 0 0 1 0 3 0 2 0 8 0 0 5 0 0 6 7 6 0 0 0 0 0 8 0 0 3 0 0 3 7 2 6 0 0 0 8 4 6 0 0 0 5 0 4 0 0 0 0 2 8 1 0 8 0 2 0 4 2 7 0 4 8 0 5 5 0 0 1 7 0 3 0 4 0 0 0
n27 0 0 0 0 0 0 0 0 0 0 0 0 0 0 0 0 0 0 0 0 0 0 0 0 0 0 0 0 0 2 0 8 0 1 0 0 3 0 0 3 0 6 8 0 0 3 6 2 0 6 7 0 0 8 0 7 0 0 6 1 2 0 0 0 0 0 8 0 0 0 0 0 3 0 0 0 3 7 7 8 0 3 7 8 0 8 0 3 1 0 0 0 8 0 0 6 1 0 4 0
n28 0 0 0 0 0 0 0 0 0 0 0 0 0 0 0 0 0 0 0 0 0 0 0 0 0 0 0 0 2 0 0 1 2 7 5 0 0 3 0 0 0 3 2 7 0 2 1 0 7 5 4 7 0 0 2 5 7 0 3 0 0 0 0 0 5 7 0 5 0 3 0 0 0 1 2 6 8 0 0 8 0 5 0 0 0 0 0 0 5 0 8 5 0 0 0 1 3 5 0 3
n29 0 0 0 0 0 0 0 0 0 0 0 0 0 0 0 0 0 0 0 0 0 0 0 0 0 0 0 0 0 1 8 0 0 0 8 2 0 1 1 0 0 0 0 1 1 5 0 4 7 0 2 7 3 4 4 3 0 4 0 0 3 0 0 0 0 0 0 0 0 6 0 0 6 5 0 0 0 2 0 3 0 6 0 0 0 0 0 0 6 8 3 3 0 5 0 0 0 0 0 8
n30 0 0 0 0 0 0 0 0 0 0 0 0 0 0 0 0 0 0 0 0 0 0 0 0 0 0 0 0 0 0 4 0 0 3 0 0 6 0 4 4 7 6 6 3 4 0 2 0 6 0 3 4 0 0 5 7 6 2 0 0 0 7 0 0 7 0 8 0 8 7 6 0 0 0 0 0 0 4 0 5 0 5 0 1 0 0 0 0 7 4 0 0 6 0 5 0 0 4 0 4
n31 0 0 0 0 0 0 0 0 0 0 0 0 0 0 0 0 0 0 0 0 0 0 0 0 0 0 0 0 0 0 0 5 2 4 0 2 2 0 8 0 8 0 0 0 0 0 0 6 3 0 0 3 0 0 0 3 2 4 0 6 8 0 0 0 0 5 0 4 0 2 7 7 1 5 0 0 1 1 0 2 0 0 0 8 7 0 3 7 0 0 0 0 0 3 0 8 0 0 0 0
n32 0 0 0 0 0 0 0 0 0 0 0 0 0 0 0 0 0 0 0 0 0 0 0 0 0 0 0 0 0 0 0 0 2 0 0 0 0 0 0 8 1 5 0 0 5 0 0 0 0 0 0 7 0 0 4 0 0 0 0 8 0 8 4 1 1 4 8 0 0 0 0 3 0 0 0 0 6 0 0 0 4 0 2 0 0 0 4 4 3 2 4 0 0 1 1 6 7 1 8 3
n33 0 0 0 0 0 0 0 0 0 0 0 0 0 0 0 0 0 0 0 0 0 0 0 0 0 0 0 0 0 0 0 0 0 0 0 0 0 0 0 0 0 5 0 6 0 6 0 2 3 7 0 0 3 0 4 3 2 3 0 0 7 5 0 0 0 1 0 0 0 7 0 0 7 5 0 0 0 4 0 0 6 5 8 0 3 0 7 5 0 4 5 0 4 8 0 1 5 5 0 0
n34 0 0 0 0 0 0 0 0 0 0 0 0 0 0 0 0 0 0 0 0 0 0 0 0 0 0 0 0 0 0 0 0 0 0 0 0 5 0 8 0 0 3 0 8 0 6 0 2 7 6 0 0 8 0 2 4 7 0 7 0 1 0 0 0 0 0 0 0 0 4 7 0 0 7 0 4 2 0 2 0 5 0 0 0 4 0 3 5 0 3 8 2 0 0 0 2 2 0 4 0
n35 0 0 0 0 0 0 0 0 0 0 0 0 0 0 0 0 0 0 0 0 0 0 0 0 0 0 0 0 0 0 0 0 0 0 0 1 0 0 0 0 1 5 0 0 0 0 0 4 0 0 5 0 0 0 3 0 0 0 0 0 1 0 2 2 4 3 0 8 2 0 0 0 0 5 0 2 4 0 0 7 6 6 8 7 0 0 3 1 4 0 0 6 3 1 3 5 0 0 0 0
n36 0 0 0 0 0 0 0 0 0 0 0 0 0 0 0 0 0 0 0 0 0 0 0 0 0 0 0 0 0 0 0 0 0 0 0 0 0 2 0 5 3 0 0 0 2 0 2 0 8 0 0 1 0 2 4 7 1 8 0 7 8 0 0 1 7 1 0 0 0 0 2 7 6 1 3 5 0 3 0 0 0 3 0 6 0 1 2 0 3 0 0 6 2 0 1 0 8 0 4 0
n37 0 0 0 0 0 0 0 0 0 0 0 0 0 0 0 0 0 0 0 0 0 0 0 0 0 0 0 0 0 0 0 0 0 0 0 0 0 0 0 3 5 7 0 0 0 8 0 2 0 5 7 0 0 0 3 5 0 0 6 0 0 6 2 0 3 0 5 0 7 0 3 0 6 5 2 7 0 0 1 3 8 0 2 1 0 0 0 7 2 8 1 0 4 7 6 6 3 0 0 0
n38 0 0 0 0 0 0 0 0 0 0 0 0 0 0 0 0 0 0 0 0 0 0 0 0 0 0 0 0 0 0 0 0 0 0 0 0 0 0 2 0 0 0 1 0 7 0 6 7 1 7 7 0 8 0 0 0 0 8 3 0 0 4 8 5 0 6 1 0 3 0 5 0 1 1 6 0 5 0 0 3 0 0 0 8 0 0 0 0 0 2 0 0 3 0 3 4 2 0 0 1
n39 0 0 0 0 0 0 0 0 0 0 0 0 0 0 0 0 0 0 0 0 0 0 0 0 0 0 0 0 0 0 0 0 0 0 0 0 0 0 0 0 0 7 0 8 7 0 0 0 7 0 2 0 0 2 0 4 4 0 8 0 0 0 6 0 0 7 0 0 6 0 0 0 0 0 3 2 7 5 4 8 0 0 3 0 0 0 2 7 0 4 1 8 0 0 0 5 0 0 0 0
n40 0 0 0 0 0 0 0 0 0 0 0 0 0 0 0 0 0 0 0 0 0 0 0 0 0 0 0 0 0 0 0 0 0 0 0 0 0 0 0 0 0 4 0 4 8 3 6 0 0 0 0 0 6 2 0 0 3 0 0 0 7 6 1 0 0 0 7 2 0 1 0 0 2 0 0 0 5 4 0 7 0 0 0 5 1 0 0 0 0 8 6 1 3 1 0 1 0 0 4 4
n41 0 0 0 0 0 0 0 0 0 0 0 0 0 0 0 0 0 0 0 0 0 0 0 0 0 0 0 0 0 0 0 0 0 0 0 0 0 0 0 0 0 0 0 0 5 6 4 0 0 2 0 0 0 0 0 0 0 0 0 0 0 2 0 6 0 6 6 6 0 8 8 5 0 8 6 0 0 0 0 3 0 6 0 0 8 0 0 3 0 1 0 0 0 5 0 0 2 0 0 0
n42 0 0 0 0 0 0 0 0 0 0 0 0 0 0 0 0 0 0 0 0 0 0 0 0 0 0 0 0 0 0 0 0 0 0 0 0 0 0 0 0 0 0 5 7 7 0 0 0 0 0 6 0 8 7 0 2 0 7 1 8 0 3 5 3 0 0 5 6 2 0 2 0 3 0 0 7 2 0 1 0 0 5 2 7 0 0 0 5 0 0 1 3 6 2 1 6 0 8 0 0
n43 0 0 0 0 0 0 0 0 0 0 0 0 0 0 0 0 0 0 0 0 0 0 0 0 0 0 0 0 0 0 0 0 0 0 0 0 0 0 0 0 0 0 0 4 7 4 0 1 0 0 0 0 0 0 2 0 8 6 0 0 0 0 0 0 8 1 7 0 0 1 0 0 0 5 4 0 0 0 2 7 0 6 0 0 3 8 0 0 0 5 1 2 0 3 0 4 0 0 1 0
n44 0 0 0 0 0 0 0 0 0 0 0 0 0 0 0 0 0 0 0 0 0 0 0 0 0 0 0 0 0 0 0 0 0 0 0 0 0 0 0 0 0 0 0 0 1 0 0 7 6 3 0 1 0 7 0 6 1 0 5 0 0 5 0 0 1 5 0 0 0 2 0 1 0 1 7 1 4 0 0 2 0 0 4 0 0 6 6 0 0 0 0 4 0 0 0 0 0 0 0 1
n45 0 0 0 0 0 0 0 0 0 0 0 0 0 0 0 0 0 0 0 0 0 0 0 0 0 0 0 0 0 0 0 0 0 0 0 0 0 0 0 0 0 0 0 0 0 0 0 0 0 0 5 2 3 0 1 4 4 0 0 0 1 3 0 8 2 0 0 3 4 0 0 8 0 0 0 7 7 0 0 3 7 3 1 0 5 0 0 7 0 0 0 0 4 0 7 6 7 8 0 0
n46 0 0 0 0 0 0 0 0 0 0 0 0 0 0 0 0 0 0 0 0 0 0 0 0 0 0 0 0 0 0 0 0 0 0 0 0 0 0 0 0 0 0 0 0 0 0 2 8 0 8 0 1 3 1 0 6 0 2 0 4 0 0 1 6 6 2 0 2 1 0 5 0 0 0 0 0 5 1 0 0 0 3 0 8 2 0 0 0 0 0 0 6 3 3 0 0 0 0 0 0
n47 0 0 0 0 0 0 0 0 0 0 0 0 0 0 0 0 0 0 0 0 0 0 0 0 0 0 0 0 0 0 0 0 0 0 0 0 0 0 0 0 0 0 0 0 0 0 0 5 7 4 4 0 3 0 0 8 0 3 6 0 6 2 0 5 0 0 0 2 5 7 0 0 0 4 1 0 0 1 0 7 8 0 0 0 5 0 7 0 4 0 3 0 5 2 0 7 0 5 8 1
n48 0 0 0 0 0 0 0 0 0 0 0 0 0 0 0 0 0 0 0 0 0 0 0 0 0 0 0 0 0 0 0 0 0 0 0 0 0 0 0 0 0 0 0 0 0 0 0 0 4 2 1 0 2 5 0 0 0 7 0 0 0 8 2 3 0 2 0 0 5 0 0 0 6 4 8 5 1 4 8 5 0 6 1 7 2 0 6 6 6 0 0 0 0 0 4 0 8 4 0 2
n49 0 0 0 0 0 0 0 0 0 0 0 0 0 0 0 0 0 0 0 0 0 0 0 0 0 0 0 0 0 0 0 0 0 0 0 0 0 0 0 0 0 0 0 0 0 0 0 0 0 0 3 2 0 0 4 0 2 0 0 3 0 0 0 0 0 0 0 3 7 0 0 0 0 0 0 0 7 7 3 0 5 5 0 0 0 2 8 6 8 5 7 1 5 1 0 6 0 6 0 0
n50 0 0 0 0 0 0 0 0 0 0 0 0 0 0 0 0 0 0 0 0 0 0 0 0 0 0 0 0 0 0 0 0 0 0 0 0 0 0 0 0 0 0 0 0 0 0 0 0 0 0 2 0 0 5 0 6 0 6 0 3 7 0 8 3 1 5 4 0 0 1 0 0 5 7 0 0 1 3 8 0 0 0 0 0 0 4 0 0 4 0 0 3 2 0 0 0 0 0 1 0
n51 0 0 0 0 0 0 0 0 0 0 0 0 0 0 0 0 0 0 0 0 0 0 0 0 0 0 0 0 0 0 0 0 0 0 0 0 0 0 0 0 0 0 0 0 0 0 0 0 0 0 0 7 3 4 0 0 0 0 0 0 0 8 3 3 0 0 0 5 0 0 3 0 6 4 4 5 8 0 6 0 2 0 0 3 0 3 0 0 2 0 0 8 5 1 7 0 0 0 0 0
n52 0 0 0 0 0 0 0 0 0 0 0 0 0 0 0 0 0 0 0 0 0 0 0 0 0 0 0 0 0 0 0 0 0 0 0 0 0 0 0 0 0 0 0 0 0 0 0 0 0 0 0 0 0 7 0 0 4 0 0 3 0 0 0 0 6 2 4 0 4 7 2 6 5 7 0 2 0 0 0 0 0 8 0 5 0 7 0 0 0 3 1 3 0 3 5 6 0 0 7 0
n53 0 0 0 0 0 0 0 0 0 0 0 0 0 0 0 0 0 0 0 0 0 0 0 0 0 0 0 0 0 0 0 0 0 0 0 0 0 0 0 0 0 0 0 0 0 0 0 0 0 0 0 0 0 2 8 7 0 0 6 0 8 0 0 7 2 0 0 0 8 4 0 2 4 0 8 1 7 2 0 0 0 0 4 0 0 3 3 0 0 0 1 4 0 3 7 1 2 6 0 3
n54 0 0 0 0 0 0 0 0 0 0 0 0 0 0 0 0 0 0 0 0 0 0 0 0 0 0 0 0 0 0 0 0 0 0 0 0 0 0 0 0 0 0 0 0 0 0 0 0 0 0 0 0 0 0 5 3 0 1 4 0 4 0 0 5 6 6 1 0 3 6 0 0 0 4 4 0 1 8 0 6 2 0 5 0 5 4 0 0 0 0 1 0 6 1 0 0 0 1 6 3
n55 0 0 0 0 0 0 0 0 0 0 0 0 0 0 0 0 0 0 0 0 0 0 0 0 0 0 0 0 0 0 0 0 0 0 0 0 0 0 0 0 0 0 0 0 0 0 0 0 0 0 0 0 0 0 0 0 0 2 8 2 0 0 3 1 4 0 0 6 0 0 0 2 4 0 0 0 0 6 4 0 0 1 0 0 0 0 7 0 0 1 0 0 0 7 3 1 2 0 8 0
n56 0 0 0 0 0 0 0 0 0 0 0 0 0 0 0 0 0 0 0 0 0 0 0 0 0 0 0 0 0 0 0 0 0 0 0 0 0 0 0 0 0 0 0 0 0 0 0 0 0 0 0 0 0 0 0 0 0 5 8 0 5 0 0 6 0 6 0 0 0 1 0 0 0 1 7 0 0 5 0 4 0 0 0 0 7 0 0 4 8 0 0 0 2 0 0 0 0 3 4 0
n57 0 0 0 0 0 0 0 0 0 0 0 0 0 0 0 0 0 0 0 0 0 0 0 0 0 0 0 0 0 0 0 0 0 0 0 0 0 0 0 0 0 0 0 0 0 0 0 0 0 0 0 0 0 0 0 0 0 0 4 8 0 6 0 0 0 0 0 0 1 0 7 0 0 0 0 0 0 0 0 7 0 5 0 0 0 8 0 0 7 6 0 0 3 0 6 1 0 0 4 4
n58 0 0 0 0 0 0 0 0 0 0 0 0 0 0 0 0 0 0 0 0 0 0 0 0 0 0 0 0 0 0 0 0 0 0 0 0 0 0 0 0 0 0 0 0 0 0 0 0 0 0 0 0 0 0 0 0 0 0 0 0 0 6 0 6 3 0 0 4 0 5 0 6 0 0 0 5 0 0 8 4 6 0 4 0 7 8 1 1 0 0 0 0 0 0 4 0 5 2 0 0
n59 0 0 0 0 0 0 0 0 0 0 0 0 0 0 0 0 0 0 0 0 0 0 0 0 0 0 0 0 0 0 0 0 0 0 0 0 0 0 0 0 0 0 0 0 0 0 0 0 0 0 0 0 0 0 0 0 0 0 0 0 0 0 0 0 0 0 6 6 0 1 3 0 3 2 7 8 4 3 0 0 0 8 3 4 0 0 5 3 3 0 0 0 3 7 0 0 0 0 0 0
n60 0 0 0 0 0 0 0 0 0 0 0 0 0 0 0 0 0 0 0 0 0 0 0 0 0 0 0 0 0 0 0 0 0 0 0 0 0 0 0 0 0 0 0 0 0 0 0 0 0 0 0 0 0 0 0 0 0 0 0 0 6 0 0 8 0 6 0 0 0 7 0 5 0 1 0 0 0 0 0 0 0 0 6 0 2 0 1 1 6 0 2 0 0 8 4 0 6 1 0 0
n61 0 0 0 0 0 0 0 0 0 0 0 0 0 0 0 0 0 0 0 0 0 0 0 0 0 0 0 0 0 0 0 0 0 0 0 0 0 0 0 0 0 0 0 0 0 0 0 0 0 0 0 0 0 0 0 0 0 0 0 0 0 2 0 6 0 8 0 0 6 5 0 0 2 0 0 3 0 0 0 3 0 1 2 3 0 1 3 0 0 0 2 0 6 3 6 7 7 6 0 3
n62 0 0 0 0 0 0 0 0 0 0 0 0 0 0 0 0 0 0 0 0 0 0 0 0 0 0 0 0 0 0 0 0 0 0 0 0 0 0 0 0 0 0 0 0 0 0 0 0 0 0 0 0 0 0 0 0 0 0 0 0 0 0 0 0 3 0 7 0 7 0 5 4 3 0 0 0 0 0 8 0 0 0 0 1 0 0 0 8 8 0 0 0 8 7 0 0 2 0 0 1
n63 0 0 0 0 0 0 0 0 0 0 0 0 0 0 0 0 0 0 0 0 0 0 0 0 0 0 0 0 0 0 0 0 0 0 0 0 0 0 0 0 0 0 0 0 0 0 0 0 0 0 0 0 0 0 0 0 0 0 0 0 0 0 0 4 0 1 6 3 3 3 0 0 0 6 0 0 0 0 0 0 0 0 0 0 8 0 0 0 5 6 0 8 0 0 0 8 0 0 0 0
n64 0 0 0 0 0 0 0 0 0 0 0 0 0 0 0 0 0 0 0 0 0 0 0 0 0 0 0 0 0 0 0 0 0 0 0 0 0 0 0 0 0 0 0 0 0 0 0 0 0 0 0 0 0 0 0 0 0 0 0 0 0 0 0 0 0 0 0 1 1 2 1 0 0 2 7 0 1 0 7 0 0 8 6 0 0 0 0 0 0 5 0 0 0 0 3 0 6 0 0 0
n65 0 0 0 0 0 0 0 0 0 0 0 0 0 0 0 0 0 0 0 0 0 0 0 0 0 0 0 0 0 0 0 0 0 0 0 0 0 0 0 0 0 0 0 0 0 0 0 0 0 0 0 0 0 0 0 0 0 0 0 0 0 0 0 0 0 0 2 0 0 0 0 6 0 6 3 0 0 0 1 2 0 0 0 3 0 4 0 5 4 0 0 7 2 7 8 0 0 6 0 0
n66 0 0 0 0 0 0 0 0 0 0 0 0 0 0 0 0 0 0 0 0 0 0 0 0 0 0 0 0 0 0 0 0 0 0 0 0 0 0 0 0 0 0 0 0 0 0 0 0 0 0 0 0 0 0 0 0 0 0 0 0 0 0 0 0 0 0 0 0 0 0 3 1 8 0 0 1 0 0 8 1 7 3 0 4 0 0 0 0 0 1 0 0 0 0 3 0 1 8 0 0
n67 0 0 0 0 0 0 0 0 0 0 0 0 0 0 0 0 0 0 0 0 0 0 0 0 0 0 0 0 0 0 0 0 0 0 0 0 0 0 0 0 0 0 0 0 0 0 0 0 0 0 0 0 0 0 0 0 0 0 0 0 0 0 0 0 0 0 0 0 0 1 5 2 0 0 0 4 3 6 1 0 0 0 2 2 5 0 0 0 0 0 0 0 0 6 8 7 0 7 0 7
n68 0 0 0 0 0 0 0 0 0 0 0 0 0 0 0 0 0 0 0 0 0 0 0 0 0 0 0 0 0 0 0 0 0 0 0 0 0 0 0 0 0 0 0 0 0 0 0 0 0 0 0 0 0 0 0 0 0 0 0 0 0 0 0 0 0 0 0 0 0 6 7 7 0 7 0 4 7 0 0 0 6 0 0 0 6 0 0 8 0 1 5 4 0 0 1 0 2 6 0 0
n69 0 0 0 0 0 0 0 0 0 0 0 0 0 0 0 0 0 0 0 0 0 0 0 0 0 0 0 0 0 0 0 0 0 0 0 0 0 0 0 0 0 0 0 0 0 0 0 0 0 0 0 0 0 0 0 0 0 0 0 0 0 0 0 0 0 0 0 0 0 8 0 0 4 0 0 5 0 2 0 0 3 6 0 0 0 0 0 8 4 0 0 0 0 5 0 0 2 0 0 0
n70 0 0 0 0 0 0 0 0 0 0 0 0 0 0 0 0 0 0 0 0 0 0 0 0 0 0 0 0 0 0 0 0 0 0 0 0 0 0 0 0 0 0 0 0 0 0 0 0 0 0 0 0 0 0 0 0 0 0 0 0 0 0 0 0 0 0 0 0 0 0 0 0 3 1 0 4 0 7 0 0 4 0 0 0 0 0 1 4 0 1 0 0 0 0 0 8 0 0 0 0
n71 0 0 0 0 0 0 0 0 0 0 0 0 0 0 0 0 0 0 0 0 0 0 0 0 0 0 0 0 0 0 0 0 0 0 0 0 0 0 0 0 0 0 0 0 0 0 0 0 0 0 0 0 0 0 0 0 0 0 0 0 0 0 0 0 0 0 0 0 0 0 0 7 0 0 1 7 6 0 0 7 0 0 0 0 8 3 0 0 0 0 7 0 0 0 2 0 7 8 0 0
n72 0 0 0 0 0 0 0 0 0 0 0 0 0 0 0 0 0 0 0 0 0 0 0 0 0 0 0 0 0 0 0 0 0 0 0 0 0 0 0 0 0 0 0 0 0 0 0 0 0 0 0 0 0 0 0 0 0 0 0 0 0 0 0 0 0 0 0 0 0 0 0 0 0 1 1 0 6 5 5 6 3 0 0 8 0 0 8 0 0 1 0 0 0 6 0 0 0 7 0 7
n73 0 0 0 0 0 0 0 0 0 0 0 0 0 0 0 0 0 0 0 0 0 0 0 0 0 0 0 0 0 0 0 0 0 0 0 0 0 0 0 0 0 0 0 0 0 0 0 0 0 0 0 0 0 0 0 0 0 0 0 0 0 0 0 0 0 0 0 0 0 0 0 0 0 7 1 0 6 0 8 4 7 0 0 0 1 4 0 1 0 2 0 0 0 1 0 0 0 0 6 3
n74 0 0 0 0 0 0 0 0 0 0 0 0 0 0 0 0 0 0 0 0 0 0 0 0 0 0 0 0 0 0 0 0 0 0 0 0 0 0 0 0 0 0 0 0 0 0 0 0 0 0 0 0 0 0 0 0 0 0 0 0 0 0 0 0 0 0 0 0 0 0 0 0 0 0 5 0 0 0 0 2 7 0 0 0 0 6 6 0 3 7 0 1 0 0 2 3 0 3 0 7
n75 0 0 0 0 0 0 0 0 0 0 0 0 0 0 0 0 0 0 0 0 0 0 0 0 0 0 0 0 0 0 0 0 0 0 0 0 0 0 0 0 0 0 0 0 0 0 0 0 0 0 0 0 0 0 0 0 0 0 0 0 0 0 0 0 0 0 0 0 0 0 0 0 0 0 0 6 0 0 1 0 0 0 0 0 8 0 3 5 6 3 0 0 0 0 0 4 5 5 0 0
n76 0 0 0 0 0 0 0 0 0 0 0 0 0 0 0 0 0 0 0 0 0 0 0 0 0 0 0 0 0 0 0 0 0 0 0 0 0 0 0 0 0 0 0 0 0 0 0 0 0 0 0 0 0 0 0 0 0 0 0 0 0 0 0 0 0 0 0 0 0 0 0 0 0 0 0 0 0 0 0 2 0 0 5 0 0 7 4 1 0 0 0 5 3 0 6 0 4 0 0 5
n77 0 0 0 0 0 0 0 0 0 0 0 0 0 0 0 0 0 0 0 0 0 0 0 0 0 0 0 0 0 0 0 0 0 0 0 0 0 0 0 0 0 0 0 0 0 0 0 0 0 0 0 0 0 0 0 0 0 0 0 0 0 0 0 0 0 0 0 0 0 0 0 0 0 0 0 0 0 0 0 0 4 0 1 1 6 0 2 6 0 0 7 0 0 7 7 8 5 7 0 0
n78 0 0 0 0 0 0 0 0 0 0 0 0 0 0 0 0 0 0 0 0 0 0 0 0 0 0 0 0 0 0 0 0 0 0 0 0 0 0 0 0 0 0 0 0 0 0 0 0 0 0 0 0 0 0 0 0 0 0 0 0 0 0 0 0 0 0 0 0 0 0 0 0 0 0 0 0 0 0 0 0 8 0 0 0 5 0 0 0 0 0 0 2 2 3 4 3 7 2 0 0
n79 0 0 0 0 0 0 0 0 0 0 0 0 0 0 0 0 0 0 0 0 0 0 0 0 0 0 0 0 0 0 0 0 0 0 0 0 0 0 0 0 0 0 0 0 0 0 0 0 0 0 0 0 0 0 0 0 0 0 0 0 0 0 0 0 0 0 0 0 0 0 0 0 0 0 0 0 0 0 0 7 1 0 0 7 3 0 0 0 0 0 0 3 7 1 5 0 6 0 0 0
n80 0 0 0 0 0 0 0 0 0 0 0 0 0 0 0 0 0 0 0 0 0 0 0 0 0 0 0 0 0 0 0 0 0 0 0 0 0 0 0 0 0 0 0 0 0 0 0 0 0 0 0 0 0 0 0 0 0 0 0 0 0 0 0 0 0 0 0 0 0 0 0 0 0 0 0 0 0 0 0 0 0 0 3 0 3 0 0 0 0 0 6 0 2 0 5 5 2 5 4 0
n81 0 0 0 0 0 0 0 0 0 0 0 0 0 0 0 0 0 0 0 0 0 0 0 0 0 0 0 0 0 0 0 0 0 0 0 0 0 0 0 0 0 0 0 0 0 0 0 0 0 0 0 0 0 0 0 0 0 0 0 0 0 0 0 0 0 0 0 0 0 0 0 0 0 0 0 0 0 0 0 0 0 6 3 0 0 0 0 0 2 0 0 0 3 0 8 7 0 0 5 0
n82 0 0 0 0 0 0 0 0 0 0 0 0 0 0 0 0 0 0 0 0 0 0 0 0 0 0 0 0 0 0 0 0 0 0 0 0 0 0 0 0 0 0 0 0 0 0 0 0 0 0 0 0 0 0 0 0 0 0 0 0 0 0 0 0 0 0 0 0 0 0 0 0 0 0 0 0 0 0 0 0 0 0 0 1 0 0 1 0 0 0 0 0 6 5 2 0 0 8 6 0
n83 0 0 0 0 0 0 0 0 0 0 0 0 0 0 0 0 0 0 0 0 0 0 0 0 0 0 0 0 0 0 0 0 0 0 0 0 0 0 0 0 0 0 0 0 0 0 0 0 0 0 0 0 0 0 0 0 0 0 0 0 0 0 0 0 0 0 0 0 0 0 0 0 0 0 0 0 0 0 0 0 0 0 0 1 8 0 3 0 0 5 2 0 0 0 7 0 0 2 0 0
n84 0 0 0 0 0 0 0 0 0 0 0 0 0 0 0 0 0 0 0 0 0 0 0 0 0 0 0 0 0 0 0 0 0 0 0 0 0 0 0 0 0 0 0 0 0 0 0 0 0 0 0 0 0 0 0 0 0 0 0 0 0 0 0 0 0 0 0 0 0 0 0 0 0 0 0 0 0 0 0 0 0 0 0 0 0 4 5 4 0 0 0 0 3 0 4 0 0 0 5 0
n85 0 0 0 0 0 0 0 0 0 0 0 0 0 0 0 0 0 0 0 0 0 0 0 0 0 0 0 0 0 0 0 0 0 0 0 0 0 0 0 0 0 0 0 0 0 0 0 0 0 0 0 0 0 0 0 0 0 0 0 0 0 0 0 0 0 0 0 0 0 0 0 0 0 0 0 0 0 0 0 0 0 0 0 0 0 0 0 0 0 0 5 0 7 0 4 0 2 0 0 0
n86 0 0 0 0 0 0 0 0 0 0 0 0 0 0 0 0 0 0 0 0 0 0 0 0 0 0 0 0 0 0 0 0 0 0 0 0 0 0 0 0 0 0 0 0 0 0 0 0 0 0 0 0 0 0 0 0 0 0 0 0 0 0 0 0 0 0 0 0 0 0 0 0 0 0 0 0 0 0 0 0 0 0 0 0 0 0 2 0 0 3 2 0 0 0 6 6 0 1 1 2
n87 0 0 0 0 0 0 0 0 0 0 0 0 0 0 0 0 0 0 0 0 0 0 0 0 0 0 0 0 0 0 0 0 0 0 0 0 0 0 0 0 0 0 0 0 0 0 0 0 0 0 0 0 0 0 0 0 0 0 0 0 0 0 0 0 0 0 0 0 0 0 0 0 0 0 0 0 0 0 0 0 0 0 0 0 0 0 0 0 7 0 5 0 0 0 0 1 5 7 0 7
n88 0 0 0 0 0 0 0 0 0 0 0 0 0 0 0 0 0 0 0 0 0 0 0 0 0 0 0 0 0 0 0 0 0 0 0 0 0 0 0 0 0 0 0 0 0 0 0 0 0 0 0 0 0 0 0 0 0 0 0 0 0 0 0 0 0 0 0 0 0 0 0 0 0 0 0 0 0 0 0 0 0 0 0 0 0 0 0 0 0 0 7 6 0 0 3 0 0 5 5 0
n89 0 0 0 0 0 0 0 0 0 0 0 0 0 0 0 0 0 0 0 0 0 0 0 0 0 0 0 0 0 0 0 0 0 0 0 0 0 0 0 0 0 0 0 0 0 0 0 0 0 0 0 0 0 0 0 0 0 0 0 0 0 0 0 0 0 0 0 0 0 0 0 0 0 0 0 0 0 0 0 0 0 0 0 0 0 0 0 0 0 0 4 0 0 0 1 0 6 0 0 0
n90 0 0 0 0 0 0 0 0 0 0 0 0 0 0 0 0 0 0 0 0 0 0 0 0 0 0 0 0 0 0 0 0 0 0 0 0 0 0 0 0 0 0 0 0 0 0 0 0 0 0 0 0 0 0 0 0 0 0 0 0 0 0 0 0 0 0 0 0 0 0 0 0 0 0 0 0 0 0 0 0 0 0 0 0 0 0 0 0 0 0 6 0 0 7 0 5 0 4 0 2
n91 0 0 0 0 0 0 0 0 0 0 0 0 0 0 0 0 0 0 0 0 0 0 0 0 0 0 0 0 0 0 0 0 0 0 0 0 0 0 0 0 0 0 0 0 0 0 0 0 0 0 0 0 0 0 0 0 0 0 0 0 0 0 0 0 0 0 0 0 0 0 0 0 0 0 0 0 0 0 0 0 0 0 0 0 0 0 0 0 0 0 0 0 0 8 0 0 0 0 5 0
n92 0 0 0 0 0 0 0 0 0 0 0 0 0 0 0 0 0 0 0 0 0 0 0 0 0 0 0 0 0 0 0 0 0 0 0 0 0 0 0 0 0 0 0 0 0 0 0 0 0 0 0 0 0 0 0 0 0 0 0 0 0 0 0 0 0 0 0 0 0 0 0 0 0 0 0 0 0 0 0 0 0 0 0 0 0 0 0 0 0 0 0 0 0 1 0 1 0 0 0 6
n93 0 0 0 0 0 0 0 0 0 0 0 0 0 0 0 0 0 0 0 0 0 0 0 0 0 0 0 0 0 0 0 0 0 0 0 0 0 0 0 0 0 0 0 0 0 0 0 0 0 0 0 0 0 0 0 0 0 0 0 0 0 0 0 0 0 0 0 0 0 0 0 0 0 0 0 0 0 0 0 0 0 0 0 0 0 0 0 0 0 0 0 0 0 0 0 0 1 3 0 5
n94 0 0 0 0 0 0 0 0 0 0 0 0 0 0 0 0 0 0 0 0 0 0 0 0 0 0 0 0 0 0 0 0 0 0 0 0 0 0 0 0 0 0 0 0 0 0 0 0 0 0 0 0 0 0 0 0 0 0 0 0 0 0 0 0 0 0 0 0 0 0 0 0 0 0 0 0 0 0 0 0 0 0 0 0 0 0 0 0 0 0 0 0 0 0 7 0 5 0 0 0
n95 0 0 0 0 0 0 0 0 0 0 0 0 0 0 0 0 0 0 0 0 0 0 0 0 0 0 0 0 0 0 0 0 0 0 0 0 0 0 0 0 0 0 0 0 0 0 0 0 0 0 0 0 0 0 0 0 0 0 0 0 0 0 0 0 0 0 0 0 0 0 0 0 0 0 0 0 0 0 0 0 0 0 0 0 0 0 0 0 0 0 0 0 0 0 0 5 0 2 0 0
n96 0 0 0 0 0 0 0 0 0 0 0 0 0 0 0 0 0 0 0 0 0 0 0 0 0 0 0 0 0 0 0 0 0 0 0 0 0 0 0 0 0 0 0 0 0 0 0 0 0 0 0 0 0 0 0 0 0 0 0 0 0 0 0 0 0 0 0 0 0 0 0 0 0 0 0 0 0 0 0 0 0 0 0 0 0 0 0 0 0 0 0 0 0 0 0 0 0 0 0 5
n97 0 0 0 0 0 0 0 0 0 0 0 0 0 0 0 0 0 0 0 0 0 0 0 0 0 0 0 0 0 0 0 0 0 0 0 0 0 0 0 0 0 0 0 0 0 0 0 0 0 0 0 0 0 0 0 0 0 0 0 0 0 0 0 0 0 0 0 0 0 0 0 0 0 0 0 0 0 0 0 0 0 0 0 0 0 0 0 0 0 0 0 0 0 0 0 0 0 0 4 0
n98 0 0 0 0 0 0 0 0 0 0 0 0 0 0 0 0 0 0 0 0 0 0 0 0 0 0 0 0 0 0 0 0 0 0 0 0 0 0 0 0 0 0 0 0 0 0 0 0 0 0 0 0 0 0 0 0 0 0 0 0 0 0 0 0 0 0 0 0 0 0 0 0 0 0 0 0 0 0 0 0 0 0 0 0 0 0 0 0 0 0 0 0 0 0 0 0 0 0 0 0
n99 0 0 0 0 0 0 0 0 0 0 0 0 0 0 0 0 0 0 0 0 0 0 0 0 0 0 0 0 0 0 0 0 0 0 0 0 0 0 0 0 0 0 0 0 0 0 0 0 0 0 0 0 0 0 0 0 0 0 0 0 0 0 0 0 0 0 0 0 0 0 0 0 0 0 0 0 0 0 0 0 0 0 0 0 0 0 0 0 0 0 0 0 0 0 0 0 0 0 0 0
n100 0 0 0 0 0 0 0 0 0 0 0 0 0 0 0 0 0 0 0 0 0 0 0 0 0 0 0 0 0 0 0 0 0 0 0 0 0 0 0 0 0 0 0 0 0 0 0 0 0 0 0 0 0 0 0 0 0 0 0 0 0 0 0 0 0 0 0 0 0 0 0 0 0 0 0 0 0 0 0 0 0 0 0 0 0 0 0 0 0 0 0 0 0 0 0 0 0 0 0 0
