X n1 n2 n3 n4 n5 n6 n7 n8 n9 n10 n11 n12 n13 n14 n15 n16 n17 n18 n19 n20 n21 n22 n23 n24 n25 n26 n27 n28 n29 n30 n31 n32 n33 n34 n35 n36 n37 n38 n39 n40 n41 n42 n43 n44 n45 n46 n47 n48 n49 n50 n51 n52 n53 n54 n55 n56 n57 n58 n59 n60 n61 n62 n63 n64 n65 n66 n67 n68 n69 n70 n71 n72 n73 n74 n75 n76 n77 n78 n79 n80 n81 n82 n83 n84 n85 n86 n87 n88 n89 n90 n91 n92 n93 n94 n95 n96 n97 n98 n99 n100
n1 0 1 1 1 0 1 0 1 1 1 0 1 1 1 1 0 0 0 0 1 1 1 0 0 1 0 0 0 1 1 0 0 1 1 1 0 1 0 1 0 0 1 0 1 0 0 1 0 0 1 0 1 0 1 0 0 0 1 1 1 1 0 0 1 0 0 0 0 0 1 0 0 0 0 0 0 1 1 1 0 1 1 1 1 0 0 1 0 0 1 0 1 0 0 0 0 0 0 0 1
n2 1 0 1 1 0 0 1 1 0 0 0 1 0 0 0 0 1 0 1 1 0 0 1 0 0 0 0 0 0 0 0 0 1 1 1 0 1 1 1 0 0 1 0 0 1 1 0 1 1 0 0 0 1 0 0 0 1 1 0 1 0 0 0 0 1 1 0 0 1 1 0 1 0 0 0 0 1 0 0 0 1 0 1 0 0 1 1 0 1 0 0 1 0 1 1 0 0 1 1 0
n3 1 1 0 0 1 0 0 0 1 0 1 0 1 1 1 0 1 0 0 0 0 1 0 0 1 0 1 1 1 0 0 1 0 0 0 1 0 0 0 0 1 1 0 0 1 1 1 0 1 0 1 0 0 0 1 0 1 0 0 1 0 0 0 0 0 0 1 1 1 0 1 1 0 1 1 1 1 0 0 1 0 0 0 0 0 0 0 1 0 1 1 0 0 0 1 1 0 1 0 0
n4 1 1 0 0 0 0 1 0 1 0 0 0 0 0 1 0 0 0 0 1 0 1 0 1 0 1 0 0 0 0 1 0 1 1 1 0 1 0 1 1 1 0 1 1 1 1 1 1 0 1 0 0 0 0 1 1 1 1 1 1 1 1 0 1 1 0 0 0 1 1 1 0 1 0 1 0 1 0 1 0 0 1 0 0 0 1 0 1 1 0 1 0 0 1 0 0 0 0 0 0
n5 0 0 1 0 0 1 1 0 0 1 0 0 0 0 0 1 0 0 1 0 0 0 0 0 1 1 0 1 1 1 1 0 0 1 1 1 1 0 0 0 1 0 0 1 0 0 0 1 0 0 0 0 0 0 0 0 1 0 1 1 1 1 1 0 1 1 0 0 0 0 0 0 0 1 1 0 1 0 1 1 1 0 0 1 1 1 1 0 0 1 1 0 0 0 0 0 1 1 1 1
n6 1 0 0 0 1 0 1 0 1 1 0 1 1 0 0 0 0 0 1 1 0 0 0 1 0 0 1 1 1 1 0 1 1 1 1 0 0 1 0 0 1 0 1 1 0 0 1 0 0 0 0 1 0 1 1 0 0 1 1 1 0 0 0 0 0 0 0 1 1 0 0 1 0 1 1 0 1 0 1 0 1 0 0 0 0 0 0 1 0 0 0 0 0 1 0 1 0 1 0 0
n7 0 1 0 1 1 1 0 1 0 0 1 1 1 0 0 1 1 1 0 1 1 0 0 0 0 1 1 1 1 1 0 0 0 0 0 1 0 1 0 0 0 0 0 0 1 0 1 0 0 1 1 0 1 0 0 0 0 1 1 1 0 0 0 0 1 0 1 1 1 0 0 1 0 0 0 1 0 1 1 0 1 1 1 0 1 1 1 0 0 1 0 0 0 1 0 0 0 1 1 0
n8 1 1 0 0 0 0 1 0 0 0 1 0 0 1 0 0 0 0 0 1 1 0 1 1 1 0 1 0 0 1 1 1 1 1 1 0 0 0 1 0 1 1 0 1 0 0 0 1 0 1 1 1 0 1 0 0 0 1 0 0 1 0 1 0 0 1 1 1 1 0 0 1 1 0 0 0 0 0 0 0 0 1 1 0 1 0 0 0 0 0 0 1 0 0 0 0 0 1 0 0
n9 1 0 1 1 0 1 0 0 0 0 0 0 1 0 0 0 0 0 0 1 0 0 0 1 0 0 0 0 0 0 0 0 0 1 0 0 0 1 0 0 0 1 0 0 1 1 1 0 1 1 1 1 0 1 1 0 1 1 0 0 0 0 1 0 0 0 0 0 0 0 1 1 0 1 1 0 0 1 0 0 1 1 1 1 0 1 1 0 0 1 0 1 0 1 0 0 0 1 1 1
n10 1 0 0 0 1 1 0 0 0 0 0 0 0 0 0 0 1 0 1 0 1 1 1 0 1 0 1 1 0 0 1 0 0 0 1 1 1 1 1 0 1 1 1 0 1 0 1 1 0 0 1 0 0 1 1 1 0 0 0 0 0 0 0 0 0 1 0 0 1 0 0 1 0 1 1 1 0 0 1 1 0 1 1 1 0 0 1 1 0 0 1 0 1 1 0 0 0 0 0 0
n11 0 0 1 0 0 0 1 1 0 0 0 0 1 1 0 0 1 1 1 0 1 1 1 0 1 0 0 0 0 1 0 0 1 0 0 0 0 0 1 1 1 1 1 0 1 1 0 0 1 1 1 0 0 0 1 1 0 1 0 1 0 1 0 0 0 1 0 1 0 1 1 1 1 0 0 0 1 0 0 1 1 0 1 0 0 1 0 0 0 1 1 1 1 1 1 0 0 1 0 0
n12 1 1 0 0 0 1 1 0 0 0 0 0 1 0 0 1 0 0 1 0 1 0 0 1 1 0 0 0 1 1 1 1 1 0 1 1 1 0 1 0 0 0 0 0 0 0 0 0 0 0 0 1 0 0 0 0 1 1 0 1 1 1 0 0 0 0 1 0 0 1 1 1 1 0 0 0 1 1 0 1 1 1 0 0 1 1 1 1 1 0 0 0 1 1 0 1 0 1 0 0
n13 1 0 1 0 0 1 1 0 1 0 1 1 0 1 0 0 1 0 0 0 0 1 1 0 0 1 1 0 0 0 0 0 0 0 0 1 1 0 1 0 0 0 0 0 0 0 1 0 1 0 1 1 0 1 0 0 0 1 0 1 1 0 0 0 1 1 0 0 0 1 1 1 1 0 0 1 0 1 0 0 1 1 1 0 1 1 0 1 0 1 0 0 0 1 0 1 0 0 0 0
n14 1 0 1 0 0 0 0 1 0 0 1 0 1 0 1 1 0 1 1 0 1 1 1 1 0 0 0 0 1 1 1 0 0 0 1 1 0 0 0 1 0 1 0 0 0 1 0 1 0 1 0 1 0 0 0 0 0 1 1 1 1 0 1 0 0 0 1 1 1 0 1 0 1 1 0 0 0 0 1 0 1 0 0 0 0 0 0 1 1 1 0 1 0 1 1 0 1 0 0 0
n15 1 0 1 1 0 0 0 0 0 0 0 0 0 1 0 0 0 1 0 1 1 1 0 0 0 1 1 1 1 0 0 0 0 0 1 1 1 0 0 0 0 1 0 0 0 0 0 1 0 1 1 0 1 1 1 1 0 0 0 0 0 0 1 0 1 1 0 0 1 0 0 1 1 0 1 0 1 1 1 0 1 1 0 0 0 0 1 1 1 1 1 0 1 0 0 0 0 1 1 0
n16 0 0 0 0 1 0 1 0 0 0 0 1 0 1 0 0 0 1 1 0 1 0 1 0 0 1 1 0 0 1 1 0 1 1 0 0 1 0 1 0 1 1 1 0 1 1 0 1 1 1 0 1 0 1 0 0 1 0 1 1 0 1 1 0 1 0 0 0 0 1 1 0 1 0 0 1 1 1 1 0 0 1 0 0 0 0 1 0 1 1 0 0 0 1 0 0 0 0 1 0
n17 0 1 1 0 0 0 1 0 0 1 1 0 1 0 0 0 0 1 0 1 0 0 1 1 0 1 1 1 1 1 0 1 0 0 0 0 0 0 1 0 0 1 0 0 1 0 0 0 1 1 1 1 1 0 0 0 1 0 1 1 1 0 0 1 0 1 0 0 0 0 0 1 0 1 1 0 0 0 0 0 1 0 1 1 0 0 1 0 1 1 1 1 0 1 1 1 1 0 0 0
n18 0 0 0 0 0 0 1 0 0 0 1 0 0 1 1 1 1 0 0 1 1 1 0 1 1 1 0 1 1 1 1 1 0 1 0 0 0 0 1 1 0 0 0 0 0 1 1 1 1 1 0 0 1 0 1 0 1 0 0 1 1 0 0 1 1 1 0 0 1 0 0 1 0 1 0 1 0 0 0 1 0 1 1 1 0 0 1 0 0 1 1 1 0 0 1 1 0 1 0 1
n19 0 1 0 0 1 1 0 0 0 1 1 1 0 1 0 1 0 0 0 0 0 1 1 0 1 0 0 1 0 0 0 0 1 1 0 0 0 1 1 1 1 1 1 1 1 0 0 0 1 1 0 0 0 1 0 1 0 0 0 0 0 0 0 0 0 1 1 1 0 1 1 1 1 1 0 1 1 0 0 0 1 0 0 1 1 1 0 0 0 1 0 1 1 1 0 0 0 0 0 1
n20 1 1 0 1 0 1 1 1 1 0 0 0 0 0 1 0 1 1 0 0 1 1 1 1 0 0 1 0 0 0 0 1 1 1 1 1 0 1 0 0 0 0 1 1 0 0 0 0 1 0 1 0 0 0 0 1 0 0 0 0 0 0 0 1 0 0 0 1 1 0 1 0 0 0 0 0 1 1 1 0 0 0 1 0 0 1 1 1 0 0 1 1 1 0 1 0 1 1 0 0
n21 1 0 0 0 0 0 1 1 0 1 1 1 0 1 1 1 0 1 0 1 0 1 1 0 0 0 1 1 1 0 0 1 1 0 0 1 1 1 1 0 1 0 1 1 0 1 0 1 0 1 1 0 1 0 0 0 1 1 1 1 1 1 0 1 0 0 1 0 0 1 0 1 0 1 1 1 0 1 0 0 1 0 0 0 0 1 0 0 1 1 1 0 0 0 0 1 1 0 1 0
n22 1 0 1 1 0 0 0 0 0 1 1 0 1 1 1 0 0 1 1 1 1 0 1 0 0 1 0 1 0 0 1 0 0 1 1 0 0 1 0 1 1 0 0 0 0 0 1 1 0 0 0 0 1 0 1 0 0 1 1 0 1 1 1 0 1 1 0 1 1 1 1 0 0 1 1 1 1 1 1 1 0 1 0 1 1 1 0 1 1 0 0 0 0 0 0 1 0 0 0 0
n23 0 1 0 0 0 0 0 1 0 1 1 0 1 1 0 1 1 0 1 1 1 1 0 0 0 0 1 1 1 0 1 1 0 1 0 1 1 1 0 1 1 0 0 0 1 0 0 0 1 1 1 0 0 0 1 0 1 1 1 0 1 1 1 0 0 1 0 1 1 0 0 1 1 1 0 0 0 1 1 1 0 0 0 0 1 0 1 0 1 1 0 0 0 0 1 0 0 1 0 0
n24 0 0 0 1 0 1 0 1 1 0 0 1 0 1 0 0 1 1 0 1 0 0 0 0 1 0 0 0 1 0 1 0 0 1 0 0 1 0 1 1 1 0 0 1 0 0 1 1 0 1 0 1 0 1 0 0 0 1 1 1 0 1 0 0 0 0 1 0 0 0 0 0 0 1 0 1 0 1 1 1 1 0 0 1 1 1 1 1 1 0 0 0 1 1 0 1 0 1 1 0
n25 1 0 1 0 1 0 0 1 0 1 1 1 0 0 0 0 0 1 1 0 0 0 0 1 0 1 0 1 1 1 0 1 1 1 0 0 0 0 1 1 0 0 0 0 0 1 1 0 1 0 0 0 0 1 0 0 1 0 1 0 1 1 1 0 0 1 1 0 0 0 1 0 1 1 1 0 1 0 1 1 0 0 1 0 1 1 0 0 0 0 0 1 1 0 0 1 0 0 1 0
n26 0 0 0 1 1 0 1 0 0 0 0 0 1 0 1 1 1 1 0 0 0 1 0 0 1 0 0 0 0 1 1 0 1 0 1 1 0 0 0 0 1 0 1 0 0 1 1 1 0 0 1 1 1 0 1 1 1 0 0 1 1 0 1 0 0 1 1 1 0 1 0 0 0 1 0 1 0 1 0 0 0 1 0 1 1 0 0 1 0 0 0 1 1 0 1 0 0 1 1 0
n27 0 0 1 0 0 1 1 1 0 1 0 0 1 0 1 1 1 0 0 1 1 0 1 0 0 0 0 0 1 0 0 0 0 1 0 1 0 1 0 0 0 1 1 1 1 1 1 1 1 0 0 0 0 0 0 1 1 1 0 0 0 0 1 1 0 1 1 0 1 0 1 1 1 1 1 1 0 0 0 1 1 1 0 0 0 0 1 1 0 0 0 0 0 0 0 1 1 1 1 0
n28 0 0 1 0 1 1 1 0 0 1 0 0 0 0 1 0 1 1 1 0 1 1 1 0 1 0 0 0 1 1 1 1 1 1 1 1 0 0 0 0 0 0 1 0 1 1 1 0 1 0 0 0 0 0 0 0 1 0 0 0 1 1 1 1 0 0 0 1 0 1 0 1 0 0 1 1 0 1 1 0 0 0 0 1 0 0 0 0 0 1 0 0 0 1 0 1 1 0 1 1
n29 1 0 1 0 1 1 1 0 0 0 0 1 0 1 1 0 1 1 0 0 1 0 1 1 1 0 1 1 0 0 1 1 0 1 0 0 0 1 0 0 1 1 1 1 0 1 0 0 1 0 1 1 1 1 0 1 1 1 0 1 1 1 0 0 0 1 1 1 1 1 0 1 0 0 1 1 1 1 0 0 0 1 1 0 0 0 0 1 0 0 1 0 0 1 0 0 1 0 1 0
n30 1 0 0 0 1 1 1 1 0 0 1 1 0 1 0 1 1 1 0 0 0 0 0 0 1 1 0 1 0 0 1 1 1 1 1 1 0 0 0 1 0 1 0 1 0 0 0 1 1 0 0 1 1 1 0 1 1 1 1 0 1 0 0 1 1 0 1 0 0 1 0 1 1 0 1 1 1 1 0 0 0 0 0 0 1 0 0 1 1 0 1 1 0 0 1 0 0 0 1 1
n31 0 0 0 1 1 0 0 1 0 1 0 1 0 1 0 1 0 1 0 0 0 1 1 1 0 1 0 1 1 1 0 0 1 1 0 0 0 0 0 1 0 0 0 1 0 1 0 0 1 0 1 0 1 0 1 0 1 0 0 0 1 0 1 1 0 1 0 0 1 1 1 1 0 0 1 1 0 1 0 0 1 0 1 1 0 0 0 1 0 0 0 0 1 0 0 0 1 0 1 0
n32 0 0 1 0 0 1 0 1 0 0 0 1 0 0 0 0 1 1 0 1 1 0 1 0 1 0 0 1 1 1 0 0 1 0 1 0 1 1 0 0 1 0 0 1 1 0 0 0 0 0 1 0 0 0 1 1 0 1 1 0 1 1 0 1 1 0 0 1 0 0 1 1 0 1 1 0 1 0 1 0 1 0 0 1 0 0 1 1 1 1 0 0 1 1 1 1 1 0 1 0
n33 1 1 0 1 0 1 0 1 0 0 1 1 0 0 0 1 0 0 1 1 1 0 0 0 1 1 0 1 0 1 1 1 0 0 0 0 0 0 1 0 0 0 0 1 1 1 1 0 0 0 1 1 0 1 1 1 1 0 0 0 0 0 0 1 0 0 1 1 1 0 0 1 0 0 1 0 1 0 1 1 1 0 0 0 1 1 1 1 0 0 1 0 0 0 1 1 0 0 1 0
n34 1 1 0 1 1 1 0 1 1 0 0 0 0 0 0 1 0 1 1 1 0 1 1 1 1 0 1 1 1 1 1 0 0 0 0 0 1 1 0 0 1 0 0 0 0 0 1 0 1 1 1 0 1 1 0 1 1 1 0 0 1 0 0 1 1 1 1 1 0 1 1 0 1 0 0 0 0 1 0 1 1 0 1 0 0 0 0 0 1 0 0 0 1 0 0 1 0 1 0 0
n35 1 1 0 1 1 1 0 1 0 1 0 1 0 1 1 0 0 0 0 1 0 1 0 0 0 1 0 1 0 1 0 1 0 0 0 1 0 0 1 0 1 1 1 0 1 1 1 0 0 1 0 0 0 0 1 0 0 1 1 0 1 1 1 1 1 0 0 0 0 0 1 0 1 0 0 0 0 0 1 1 0 0 1 1 1 0 1 1 1 0 1 0 0 1 1 0 0 1 0 0
n36 0 0 1 0 1 0 1 0 0 1 0 1 1 1 1 0 0 0 0 1 1 0 1 0 0 1 1 1 0 1 0 0 0 0 1 0 1 0 0 1 1 0 0 1 1 0 1 1 1 0 1 1 0 1 0 0 0 0 1 0 0 1 1 1 1 1 0 0 0 1 0 1 0 1 1 0 1 0 1 0 0 1 0 1 0 0 0 0 1 0 1 0 0 1 1 0 1 0 0 0
n37 1 1 0 1 1 0 0 0 0 1 0 1 1 0 1 1 0 0 0 0 1 0 1 1 0 0 0 0 0 0 0 1 0 1 0 1 0 1 0 0 0 1 1 0 0 0 1 1 0 0 0 0 0 0 0 1 0 0 1 1 1 0 0 0 1 1 0 1 0 1 1 0 0 0 1 1 1 1 0 1 1 0 0 1 1 1 0 0 0 0 1 1 1 1 0 1 0 0 0 0
n38 0 1 0 0 0 1 1 0 1 1 0 0 0 0 0 0 0 0 1 1 1 1 1 0 0 0 1 0 1 0 0 1 0 1 0 0 1 0 1 0 0 1 1 1 1 1 0 1 1 0 0 1 1 0 0 0 0 0 1 0 1 1 0 1 1 0 1 1 0 1 0 0 0 1 0 0 0 1 0 0 0 0 1 1 0 1 0 0 1 0 1 1 0 1 0 0 1 0 0 0
n39 1 1 0 1 0 0 0 1 0 1 1 1 1 0 0 1 1 1 1 0 1 0 0 1 1 0 0 0 0 0 0 0 1 0 1 0 0 1 0 0 1 1 1 0 1 0 0 1 1 0 1 0 1 1 0 1 0 0 0 0 0 1 0 0 1 1 1 0 1 0 1 0 1 0 1 1 0 1 0 0 0 0 1 1 1 0 1 0 1 1 0 0 1 0 0 1 1 1 1 0
n40 0 0 0 1 0 0 0 0 0 0 1 0 0 1 0 0 0 1 1 0 0 1 1 1 1 0 0 0 0 1 1 0 0 0 0 1 0 0 0 0 0 1 0 1 1 1 0 0 0 1 1 0 0 0 1 1 1 1 0 0 0 0 0 1 0 1 1 1 0 1 0 0 1 0 1 0 0 1 1 1 0 1 0 0 1 0 1 0 0 0 0 1 1 1 0 0 1 0 1 0
n41 0 0 1 1 1 1 0 1 0 1 1 0 0 0 0 1 0 0 1 0 1 1 1 1 0 1 0 0 1 0 0 1 0 1 1 1 0 0 1 0 0 1 1 1 1 0 0 0 1 1 1 1 0 1 0 1 0 0 0 1 1 0 1 0 0 1 1 0 1 0 0 0 0 0 1 0 1 0 0 0 0 0 0 0 1 0 0 0 0 0 1 1 0 1 1 0 0 0 1 0
n42 1 1 1 0 0 0 0 1 1 1 1 0 0 1 1 1 1 0 1 0 0 0 0 0 0 0 1 0 1 1 0 0 0 0 1 0 1 1 1 1 1 0 1 0 1 0 0 0 0 0 0 0 1 0 1 1 0 0 0 0 0 1 1 0 1 0 0 1 0 1 0 0 1 1 0 1 1 0 1 1 0 1 1 1 0 1 1 1 0 1 0 0 1 0 0 1 1 1 0 0
n43 0 0 0 1 0 1 0 0 0 1 1 0 0 0 0 1 0 0 1 1 1 0 0 0 0 1 1 1 1 0 0 0 0 0 1 0 1 1 1 0 1 1 0 0 1 1 1 0 0 1 0 0 1 1 1 0 1 1 1 0 0 1 0 0 0 1 0 1 0 1 1 0 0 1 0 1 0 0 1 0 1 1 1 1 0 1 1 0 0 1 0 0 0 0 1 0 1 1 0 0
n44 1 0 0 1 1 1 0 1 0 0 0 0 0 0 0 0 0 0 1 1 1 0 0 1 0 0 1 0 1 1 1 1 1 0 0 1 0 1 0 1 1 0 0 0 0 0 1 1 0 1 1 0 1 0 1 1 0 0 0 0 1 0 1 0 0 1 0 1 0 0 0 0 1 1 1 0 0 0 0 0 1 0 1 1 1 1 0 1 0 0 0 1 1 0 1 1 1 1 0 0
n45 0 1 1 1 0 0 1 0 1 1 1 0 0 0 0 1 1 0 1 0 0 0 1 0 0 0 1 1 0 0 0 1 1 0 1 1 0 1 1 1 1 1 1 0 0 1 0 1 1 0 1 0 0 1 0 0 1 0 0 0 1 0 0 0 0 0 0 0 1 1 0 1 0 0 0 0 1 1 1 0 1 1 0 0 1 0 0 1 0 0 1 0 1 1 0 0 1 1 0 0
n46 0 1 1 1 0 0 0 0 1 0 1 0 0 1 0 1 0 1 0 0 1 0 0 0 1 1 1 1 1 0 1 0 1 0 1 0 0 1 0 1 0 0 1 0 1 0 0 0 0 1 1 1 1 0 1 1 0 1 1 0 1 1 1 0 0 0 0 1 1 1 1 1 1 1 1 0 0 1 0 1 1 1 1 0 1 1 1 0 1 0 1 0 0 0 0 0 0 0 0 0
n47 1 0 1 1 0 1 1 0 1 1 0 0 1 0 0 0 0 1 0 0 0 1 0 1 1 1 1 1 0 0 0 0 1 1 1 1 1 0 0 0 0 0 1 1 0 0 0 1 1 0 1 0 0 1 0 1 0 1 1 0 0 1 1 1 1 0 1 1 1 0 1 0 0 0 1 1 0 0 0 0 1 1 0 1 0 1 0 1 0 0 0 1 1 1 0 1 0 0 0 0
n48 0 1 0 1 1 0 0 1 0 1 0 0 0 1 1 1 0 1 0 0 1 1 0 1 0 1 1 0 0 1 0 0 0 0 0 1 1 1 1 0 0 0 0 1 1 0 1 0 0 1 1 1 0 0 0 0 1 0 0 1 1 1 0 0 1 1 0 0 0 1 1 0 1 0 0 0 0 1 1 1 0 1 1 0 0 0 0 1 0 1 1 1 0 0 0 0 1 1 0 0
n49 0 1 1 0 0 0 0 0 1 0 1 0 1 0 0 1 1 1 1 1 0 0 1 0 1 0 1 1 1 1 1 0 0 1 0 1 0 1 1 0 1 0 0 0 1 0 1 0 0 0 0 1 0 0 0 0 0 0 0 0 0 0 0 0 1 1 1 1 1 1 0 0 0 0 1 0 0 1 0 1 1 0 1 0 0 1 0 0 1 1 0 0 1 0 0 0 0 1 0 1
n50 1 0 0 1 0 0 1 1 1 0 1 0 0 1 1 1 1 1 1 0 1 0 1 1 0 0 0 0 0 0 0 0 0 1 1 0 0 0 0 1 1 0 1 1 0 1 0 1 0 0 0 0 0 1 0 1 0 0 0 0 1 0 0 0 1 0 1 1 1 0 0 0 1 0 1 1 1 0 1 1 1 1 0 0 0 1 0 1 1 0 0 0 0 0 0 1 0 0 1 0
n51 0 0 1 0 0 0 1 1 1 1 1 0 1 0 1 0 1 0 0 1 1 0 1 0 0 1 0 0 1 0 1 1 1 1 0 1 0 0 1 1 1 0 0 1 1 1 1 1 0 0 0 0 1 0 0 1 0 0 1 0 0 0 1 0 0 0 0 0 1 0 1 0 0 1 0 0 1 1 1 1 0 1 0 0 1 1 0 1 0 0 0 0 0 0 1 0 1 1 1 0
n52 1 0 0 0 0 1 0 1 1 0 0 1 1 1 0 1 1 0 0 0 0 0 0 1 0 1 0 0 1 1 0 0 1 0 0 1 0 1 0 0 1 0 0 0 0 1 0 1 1 0 0 0 0 0 0 1 1 1 0 0 0 0 1 1 0 1 0 0 1 0 0 1 1 0 1 0 0 0 1 0 1 0 0 1 1 0 0 1 1 1 1 1 1 1 0 1 0 0 1 0
n53 0 1 0 0 0 0 1 0 0 0 0 0 0 0 1 0 1 1 0 0 1 1 0 0 0 1 0 0 1 1 1 0 0 1 0 0 0 1 1 0 0 1 1 1 0 1 0 0 0 0 1 0 0 1 0 1 0 0 0 1 0 1 1 0 1 1 0 0 1 1 0 1 0 0 0 0 0 0 0 0 1 1 0 0 0 1 0 1 1 0 0 1 0 1 1 0 0 0 0 0
n54 1 0 0 0 0 1 0 1 1 1 0 0 1 0 1 1 0 0 1 0 0 0 0 1 1 0 0 0 1 1 0 0 1 1 0 1 0 0 1 0 1 0 1 0 1 0 1 0 0 1 0 0 1 0 0 1 0 0 0 0 0 0 1 1 1 0 1 1 0 1 1 0 0 0 0 0 0 0 0 0 0 1 1 1 0 1 1 0 0 1 1 0 0 1 0 0 0 1 0 1
n55 0 0 1 1 0 1 0 0 1 1 1 0 0 0 1 0 0 1 0 0 0 1 1 0 0 1 0 0 0 0 1 1 1 0 1 0 0 0 0 1 0 1 1 1 0 1 0 0 0 0 0 0 0 0 0 1 0 1 0 1 0 1 1 1 0 1 1 0 1 1 1 0 1 1 0 0 0 0 0 1 1 1 1 0 0 0 0 0 0 0 0 0 0 1 1 0 1 1 0 0
n56 0 0 0 1 0 0 0 0 0 1 1 0 0 0 1 0 0 0 1 1 0 0 0 0 0 1 1 0 1 1 0 1 1 1 0 0 1 0 1 1 1 1 0 1 0 1 1 0 0 1 1 1 1 1 1 0 1 1 1 1 0 0 0 0 0 1 0 0 0 1 1 0 0 0 1 0 1 1 1 1 0 0 1 1 0 1 1 1 0 0 0 1 0 1 0 0 0 1 1 1
n57 0 1 1 1 1 0 0 0 1 0 0 1 0 0 0 1 1 1 0 0 1 0 1 0 1 1 1 1 1 1 1 0 1 1 0 0 0 0 0 1 0 0 1 0 1 0 0 1 0 0 0 1 0 0 0 1 0 1 0 0 1 1 1 0 1 0 1 0 0 0 0 0 0 1 1 1 0 0 0 1 1 1 1 0 0 0 0 0 1 1 1 0 0 1 1 1 1 0 1 0
n58 1 1 0 1 0 1 1 1 1 0 1 1 1 1 0 0 0 0 0 0 1 1 1 1 0 0 1 0 1 1 0 1 0 1 1 0 0 0 0 1 0 0 1 0 0 1 1 0 0 0 0 1 0 0 1 1 1 0 1 1 1 1 1 1 0 0 1 1 0 0 1 0 0 1 1 0 1 1 0 1 0 1 1 0 1 0 1 0 0 0 1 0 0 0 0 0 1 1 1 0
n59 1 0 0 1 1 1 1 0 0 0 0 0 0 1 0 1 1 0 0 0 1 1 1 1 1 0 0 0 0 1 0 1 0 0 1 1 1 1 0 0 0 0 1 0 0 1 1 0 0 0 1 0 0 0 0 1 0 1 0 0 0 0 0 0 1 0 0 0 1 0 0 0 1 0 1 0 0 0 1 1 1 0 1 0 1 1 1 0 1 0 1 1 0 1 1 0 0 1 1 1
n60 1 1 1 1 1 1 1 0 0 0 1 1 1 1 0 1 1 1 0 0 1 0 0 1 0 1 0 0 1 0 0 0 0 0 0 0 1 0 0 0 1 0 0 0 0 0 0 1 0 0 0 0 1 0 1 1 0 1 0 0 1 0 1 1 0 0 0 1 0 1 1 1 0 1 0 1 0 1 1 1 1 0 0 1 1 0 1 0 0 0 1 0 0 1 0 1 0 0 0 0
n61 1 0 0 1 1 0 0 1 0 0 0 1 1 1 0 0 1 1 0 0 1 1 1 0 1 1 0 1 1 1 1 1 0 1 1 0 1 1 0 0 1 0 0 1 1 1 0 1 0 1 0 0 0 0 0 0 1 1 0 1 0 0 1 0 0 0 1 0 1 0 1 0 0 1 0 0 1 1 1 0 0 0 1 1 0 1 0 0 0 1 0 0 0 0 1 1 1 0 0 0
n62 0 0 0 1 1 0 0 0 0 0 1 1 0 0 0 1 0 0 0 0 1 1 1 1 1 0 0 1 1 0 0 1 0 0 1 1 0 1 1 0 0 1 1 0 0 1 1 1 0 0 0 0 1 0 1 0 1 1 0 0 0 0 1 1 1 0 1 0 1 0 0 1 1 0 0 0 1 1 1 1 0 0 0 1 0 0 0 0 0 1 1 1 0 0 1 1 1 1 1 0
n63 0 0 0 0 1 0 0 1 1 0 0 0 0 1 1 1 0 0 0 0 0 1 1 0 1 1 1 1 0 0 1 0 0 0 1 1 0 0 0 0 1 1 0 1 0 1 1 0 0 0 1 1 1 1 1 0 1 1 0 1 1 1 0 0 0 0 0 0 1 0 1 1 0 0 1 0 0 0 1 1 1 0 1 1 1 1 0 1 1 1 1 0 1 0 1 1 0 0 1 0
n64 1 0 0 1 0 0 0 0 0 0 0 0 0 0 0 0 1 1 0 1 1 0 0 0 0 0 1 1 0 1 1 1 1 1 1 1 0 1 0 1 0 0 0 0 0 0 1 0 0 0 0 1 0 1 1 0 0 1 0 1 0 1 0 0 1 0 1 0 1 1 1 1 1 0 1 1 1 0 0 1 0 0 0 1 0 0 0 1 1 0 1 0 1 1 0 0 1 1 0 1
n65 0 1 0 1 1 0 1 0 0 0 0 0 1 0 1 1 0 1 0 0 0 1 0 0 0 0 0 0 0 1 0 1 0 1 1 1 1 1 1 0 0 1 0 0 0 0 1 1 1 1 0 0 1 1 0 0 1 0 1 0 0 1 0 1 0 1 0 0 1 0 0 0 0 0 1 0 0 0 1 0 0 0 0 0 1 0 1 0 0 1 1 1 0 1 0 1 1 0 1 1
n66 0 1 0 0 1 0 0 1 0 1 1 0 1 0 1 0 1 1 1 0 0 1 1 0 1 1 1 0 1 0 1 0 0 1 0 1 1 0 1 1 1 0 1 1 0 0 0 1 1 0 0 1 1 0 1 1 0 0 0 0 0 0 0 0 1 0 0 0 1 1 1 0 0 1 0 1 0 0 0 0 1 1 0 0 1 0 0 0 0 1 0 0 1 0 1 1 1 1 0 0
n67 0 0 1 0 0 0 1 1 0 0 0 1 0 1 0 0 0 0 1 0 1 0 0 1 1 1 1 0 1 1 0 0 1 1 0 0 0 1 1 1 1 0 0 0 0 0 1 0 1 1 0 0 0 1 1 0 1 1 0 0 1 1 0 1 0 0 0 0 1 1 1 0 0 0 0 1 1 1 1 0 1 1 1 1 0 1 1 0 1 0 1 1 0 0 1 0 1 1 0 0
n68 0 0 1 0 0 1 1 1 0 0 1 0 0 1 0 0 0 0 1 1 0 1 1 0 0 1 0 1 1 0 0 1 1 1 0 0 1 1 0 1 0 1 1 1 0 1 1 0 1 1 0 0 0 1 0 0 0 1 0 1 0 0 0 0 0 0 0 0 0 0 1 0 1 0 0 1 0 1 0 1 1 0 0 0 1 1 0 0 0 1 0 0 1 1 0 0 0 0 0 1
n69 0 1 1 1 0 1 1 1 0 1 0 0 0 1 1 0 0 1 0 1 0 1 1 0 0 0 1 0 1 0 1 0 1 0 0 0 0 0 1 0 1 0 0 0 1 1 1 0 1 1 1 1 1 0 1 0 0 0 1 0 1 1 1 1 1 1 1 0 0 0 1 1 0 0 0 0 1 0 1 1 1 0 1 1 0 0 0 1 0 1 1 0 1 0 1 1 1 0 1 0
n70 1 1 0 1 0 0 0 0 0 0 1 1 1 0 0 1 0 0 1 0 1 1 0 0 0 1 0 1 1 1 1 0 0 1 0 1 1 1 0 1 0 1 1 0 1 1 0 1 1 0 0 0 1 1 1 1 0 0 0 1 0 0 0 1 0 1 1 0 0 0 1 0 1 1 1 0 1 0 0 0 0 0 1 0 0 0 0 1 1 1 1 1 1 1 0 1 0 0 0 0
n71 0 0 1 1 0 0 0 0 1 0 1 1 1 1 0 1 0 0 1 1 0 1 0 0 1 0 1 0 0 0 1 1 0 1 1 0 1 0 1 0 0 0 1 0 0 1 1 1 0 0 1 0 0 1 1 1 0 1 0 1 1 0 1 1 0 1 1 1 1 1 0 1 0 0 1 0 1 0 1 1 0 1 0 1 0 1 0 0 1 1 0 1 1 0 0 1 0 0 1 0
n72 0 1 1 0 0 1 1 1 1 1 1 1 1 0 1 0 1 1 1 0 1 0 1 0 0 0 1 1 1 1 1 1 1 0 0 1 0 0 0 0 0 0 0 0 1 1 0 0 0 0 0 1 1 0 0 0 0 0 0 1 0 1 1 1 0 0 0 0 1 0 1 0 0 1 1 1 0 1 0 0 0 0 0 0 1 1 1 0 1 0 0 1 0 0 0 1 1 0 0 0
n73 0 0 0 1 0 0 0 1 0 0 1 1 1 1 1 1 0 0 1 0 0 0 1 0 1 0 1 0 0 1 0 0 0 1 1 0 0 0 1 1 0 1 0 1 0 1 0 1 0 1 0 1 0 0 1 0 0 0 1 0 0 1 0 1 0 0 0 1 0 1 0 0 0 1 0 0 0 1 0 0 0 1 1 1 1 1 1 0 1 1 1 1 0 0 1 1 0 1 0 0
n74 0 0 1 0 1 1 0 0 1 1 0 0 0 1 0 0 1 1 1 0 1 1 1 1 1 1 1 0 0 0 0 1 0 0 0 1 0 1 0 0 0 1 1 1 0 1 0 0 0 0 1 0 0 0 1 0 1 1 0 1 1 0 0 0 0 1 0 0 0 1 0 1 1 0 0 1 0 0 0 0 1 0 0 0 1 0 1 1 0 1 0 1 1 0 1 0 0 0 0 1
n75 0 0 1 1 1 1 0 0 1 1 0 0 0 0 1 0 1 0 0 0 1 1 0 0 1 0 1 1 1 1 1 1 1 0 0 1 1 0 1 1 1 0 0 1 0 1 1 0 1 1 0 1 0 0 0 1 1 1 1 0 0 0 1 1 1 0 0 0 0 1 1 1 0 0 0 1 0 0 0 1 1 0 0 1 1 1 1 1 1 1 1 0 0 0 0 0 1 1 0 0
n76 0 0 1 0 0 0 1 0 0 1 0 0 1 0 0 1 0 1 1 0 1 1 0 1 0 1 1 1 1 1 1 0 0 0 0 0 1 0 1 0 0 1 1 0 0 0 1 0 0 1 0 0 0 0 0 0 1 0 0 1 0 0 0 1 0 1 1 1 0 0 0 1 0 1 1 0 1 0 0 0 0 1 1 1 1 0 0 0 0 0 1 0 1 1 1 1 0 0 1 0
n77 1 1 1 1 1 1 0 0 0 0 1 1 0 0 1 1 0 0 1 1 0 1 0 0 1 0 0 0 1 1 0 1 1 0 0 1 1 0 0 0 1 1 0 0 1 0 0 0 0 1 1 0 0 0 0 1 0 1 0 0 1 1 0 1 0 0 1 0 1 1 1 0 0 0 0 1 0 1 0 1 1 1 1 0 1 0 0 0 1 0 1 0 0 0 0 1 0 1 0 0
n78 1 0 0 0 0 0 1 0 1 0 0 1 1 0 1 1 0 0 0 1 1 1 1 1 0 1 0 1 1 1 1 0 0 1 0 0 1 1 1 1 0 0 0 0 1 1 0 1 1 0 1 0 0 0 0 1 0 1 0 1 1 1 0 0 0 0 1 1 0 0 0 1 1 0 0 0 1 0 1 1 1 0 0 0 0 1 1 1 1 1 1 0 1 1 0 1 0 0 0 0
n79 1 0 0 1 1 1 1 0 0 1 0 0 0 1 1 1 0 0 0 1 0 1 1 1 1 0 0 1 0 0 0 1 1 0 1 1 0 0 0 1 0 1 1 0 1 0 0 1 0 1 1 1 0 0 0 1 0 0 1 1 1 1 1 0 1 0 1 0 1 0 1 0 0 0 0 0 0 1 0 1 1 1 1 1 1 0 1 0 0 0 1 0 1 1 0 1 0 1 0 1
n80 0 0 1 0 1 0 0 0 0 1 1 1 0 0 0 0 0 1 0 0 0 1 1 1 1 0 1 0 0 0 0 0 1 1 1 0 1 0 0 1 0 1 0 0 0 1 0 1 1 1 1 0 0 0 1 1 1 1 1 1 0 1 1 1 0 0 0 1 1 0 1 0 0 0 1 0 1 1 1 0 1 0 1 1 0 1 1 0 1 0 0 1 0 0 0 1 1 0 0 0
n81 1 1 0 0 1 1 1 0 1 0 1 1 1 1 1 0 1 0 1 0 1 0 0 1 0 0 1 0 0 0 1 1 1 1 0 0 1 0 0 0 0 0 1 1 1 1 1 0 1 1 0 1 1 0 1 0 1 0 1 1 0 0 1 0 0 1 1 1 1 0 0 0 0 1 1 0 1 1 1 1 0 0 0 0 0 0 1 0 0 0 0 0 0 1 1 1 0 0 0 0
n82 1 0 0 1 0 0 1 1 1 1 0 1 1 0 1 1 0 1 0 0 0 1 0 0 0 1 1 0 1 0 0 0 0 0 0 1 0 0 0 1 0 1 1 0 1 1 1 1 0 1 1 0 1 1 1 0 1 1 0 0 0 0 0 0 0 1 1 0 0 0 1 0 1 0 0 1 1 0 1 0 0 0 1 0 1 0 1 1 0 0 1 1 0 1 1 1 1 1 0 0
n83 1 1 0 0 0 0 1 1 1 1 1 0 1 0 0 0 1 1 0 1 0 0 0 0 1 0 0 0 1 0 1 0 0 1 1 0 0 1 1 0 0 1 1 1 0 1 0 1 1 0 0 0 0 1 1 1 1 1 1 0 1 0 1 0 0 0 1 0 1 1 0 0 1 0 0 1 1 0 1 1 0 1 0 0 0 1 1 0 0 1 1 0 0 0 0 1 0 0 0 0
n84 1 0 0 0 1 0 0 0 1 1 0 0 0 0 0 0 1 1 1 0 0 1 0 1 0 1 0 1 0 0 1 1 0 0 1 1 1 1 1 0 0 1 1 1 0 0 1 0 0 0 0 1 0 1 0 1 0 0 0 1 1 1 1 1 0 0 1 0 1 0 1 0 1 0 1 1 0 0 1 1 0 0 0 0 0 0 1 0 0 0 1 1 1 1 0 1 0 0 0 0
n85 0 0 0 0 1 0 1 1 0 0 0 1 1 0 0 0 0 0 1 0 0 1 1 1 1 1 0 0 0 1 0 0 1 0 1 0 1 0 1 1 1 0 0 1 1 1 0 0 0 0 1 1 0 0 0 0 0 1 1 1 0 0 1 0 1 1 0 1 0 0 0 1 1 1 1 1 1 0 1 0 0 1 0 0 0 0 0 0 0 0 0 0 0 0 1 1 1 0 1 0
n86 0 1 0 1 1 0 1 0 1 0 1 1 1 0 0 0 0 0 1 1 1 1 0 1 1 0 0 0 0 0 0 0 1 0 0 0 1 1 0 0 0 1 1 1 0 1 1 0 1 1 1 0 1 1 0 1 0 0 1 0 1 0 1 0 0 0 1 1 0 0 1 1 1 0 1 0 0 1 0 1 0 0 1 0 0 0 0 0 0 0 1 1 1 0 1 0 0 0 1 0
n87 1 1 0 0 1 0 1 0 1 1 0 1 0 0 1 1 1 1 0 1 0 0 1 1 0 0 1 0 0 0 0 1 1 0 1 0 0 0 1 1 0 1 1 0 0 1 0 0 0 0 0 0 0 1 0 1 0 1 1 1 0 0 0 0 1 0 1 0 0 0 0 1 1 1 1 0 0 1 1 1 1 1 1 1 0 0 0 1 0 1 1 0 1 1 1 0 1 0 1 0
n88 0 0 1 1 0 1 0 0 0 1 0 1 1 1 1 0 0 0 0 1 0 1 0 1 0 1 1 0 1 1 1 1 1 0 1 0 0 0 0 0 0 1 0 1 1 0 1 1 0 1 1 1 1 0 0 1 0 0 0 0 0 0 1 1 0 0 0 0 1 1 0 0 0 1 1 0 0 1 0 0 0 1 0 0 0 0 1 0 0 1 0 1 0 0 1 0 0 1 1 1
n89 0 1 0 1 0 0 0 0 0 0 0 1 0 1 1 1 1 0 0 0 1 1 1 1 0 0 0 0 0 1 0 1 0 1 1 1 0 1 1 0 0 0 0 0 0 1 0 0 1 1 0 1 1 0 0 0 1 0 1 0 0 0 1 1 0 0 1 0 0 1 1 1 1 0 1 0 1 1 0 1 0 0 0 0 0 0 0 0 0 1 1 1 1 1 1 1 0 0 0 1
n90 1 0 1 0 1 0 1 0 1 0 1 0 1 1 1 1 1 1 1 0 1 0 1 0 0 0 0 1 0 0 0 1 0 0 0 0 0 0 1 0 0 1 1 0 0 0 0 1 1 0 0 1 0 1 0 0 1 0 0 0 1 1 1 0 1 1 0 1 1 1 1 0 1 1 1 0 0 1 0 0 0 0 1 0 0 0 1 1 1 0 1 0 1 0 1 0 1 0 1 0
n91 0 0 1 1 1 0 0 0 0 1 1 0 0 0 1 0 1 1 0 1 1 0 0 0 0 0 0 0 1 1 0 0 1 0 1 1 1 1 0 0 1 0 0 0 1 1 0 1 0 0 0 1 0 1 0 0 1 1 1 1 0 1 1 1 1 0 1 0 1 1 0 0 1 0 1 1 1 1 1 0 0 1 1 1 0 1 1 0 1 1 0 0 1 0 1 1 0 0 0 0
n92 1 1 0 0 0 0 0 1 1 0 1 0 0 1 0 0 1 1 1 1 0 0 0 0 1 1 0 0 0 1 0 0 0 0 0 0 1 1 0 1 1 0 0 1 0 0 1 1 0 0 0 1 1 0 0 1 0 0 1 0 0 1 0 0 1 0 1 0 0 1 1 1 1 1 0 0 0 0 0 1 0 1 0 1 0 1 0 1 1 0 0 0 1 1 0 1 0 0 1 0
n93 0 0 0 0 0 0 0 0 0 1 1 1 0 0 1 0 0 0 1 1 0 0 0 1 1 1 0 0 0 0 1 1 0 1 0 0 1 0 1 1 0 1 0 1 1 0 1 0 1 0 0 1 0 0 0 0 0 0 0 0 0 0 1 1 0 1 0 1 1 1 1 0 0 1 0 1 0 1 1 0 0 0 0 1 0 1 1 0 1 1 1 1 0 1 0 1 0 1 1 0
n94 0 1 0 1 0 1 1 0 1 1 1 1 1 1 0 1 1 0 1 0 0 0 0 1 0 0 0 1 1 0 0 1 0 0 1 1 1 1 0 1 1 0 0 0 1 0 1 0 0 0 0 1 1 1 1 1 1 0 1 1 0 0 0 1 1 0 0 1 0 1 0 0 0 0 0 1 0 1 1 0 1 1 0 1 0 0 1 0 1 0 0 1 1 0 1 0 0 1 0 0
n95 0 1 1 0 0 0 0 0 0 0 1 0 0 1 0 0 1 1 0 1 0 0 1 0 0 1 0 0 0 1 0 1 1 0 1 1 0 0 0 0 1 0 1 1 0 0 0 0 0 0 1 0 1 0 1 0 1 0 1 0 1 1 1 0 0 1 1 0 1 0 0 0 1 1 0 1 0 0 0 0 1 1 0 0 1 1 1 1 1 1 1 0 0 1 0 0 0 0 0 1
n96 0 0 1 0 0 1 0 0 0 0 0 1 1 0 0 0 1 1 0 0 1 1 0 1 1 0 1 1 0 0 0 1 1 1 0 0 1 0 1 0 0 1 0 1 0 0 1 0 0 1 0 1 0 0 0 0 1 0 0 1 1 1 1 0 1 1 0 0 1 1 1 1 1 0 0 1 1 1 1 1 1 1 1 1 1 0 0 0 1 0 1 1 1 0 0 0 1 0 1 1
n97 0 0 0 0 1 0 0 0 0 0 0 0 0 1 0 0 1 0 0 1 1 0 0 0 0 0 1 1 1 0 1 1 0 0 0 1 0 1 1 1 0 1 1 1 1 0 0 1 0 0 1 0 0 0 1 0 1 1 0 0 1 1 0 1 1 1 1 0 1 0 0 1 0 0 1 0 0 0 0 1 0 1 0 0 1 0 1 0 0 1 0 0 0 0 0 1 0 0 0 0
n98 0 1 1 0 1 1 1 1 1 0 1 1 0 0 1 0 0 1 0 1 0 0 1 1 0 1 1 0 0 0 0 0 0 1 1 0 0 0 1 0 0 1 1 1 1 0 0 1 1 0 1 0 0 1 1 1 0 1 1 0 0 1 0 1 0 1 1 0 0 0 0 0 1 0 1 0 1 0 1 0 0 1 0 0 0 0 0 1 0 0 0 0 1 1 0 0 0 0 1 0
n99 0 1 0 0 1 0 1 0 1 0 0 0 0 0 1 1 0 0 0 0 1 0 0 1 1 1 1 1 1 1 1 1 1 0 0 0 0 0 1 1 1 0 0 0 0 0 0 0 0 1 1 1 0 0 0 1 1 1 1 0 0 1 1 0 1 0 0 0 1 0 1 0 0 0 0 1 0 0 0 0 0 0 0 0 1 1 1 1 0 1 0 1 1 0 0 1 0 1 0 1
n100 1 0 0 0 1 0 0 0 1 0 0 0 0 0 0 0 0 1 1 0 0 0 0 0 0 0 0 1 0 1 0 0 0 0 0 0 0 0 0 0 0 0 0 0 0 0 0 0 1 0 0 0 0 1 0 1 0 0 1 0 0 0 0 1 1 0 0 1 0 0 0 0 0 1 0 0 0 0 1 0 0 0 0 0 0 0 0 1 1 0 0 0 0 0 1 1 0 0 1 0
