X n1 n2 n3 n4 n5 n6 n7 n8 n9 n10 n11 n12 n13 n14 n15 n16 n17 n18 n19 n20 n21 n22 n23 n24 n25 n26 n27 n28 n29 n30 n31 n32 n33 n34 n35 n36 n37 n38 n39 n40 n41 n42 n43 n44 n45 n46 n47 n48 n49 n50
n1 0 0 1 0 0 1 1 0 1 1 1 0 1 1 1 1 0 0 0 0 1 1 0 0 0 0 0 1 0 1 0 1 0 0 0 1 0 0 0 1 1 0 0 0 0 0 1 1 0 0
n2 0 0 1 1 1 0 1 0 1 1 1 0 0 1 0 1 0 1 1 0 1 0 1 0 0 0 1 0 1 1 1 1 1 1 1 0 0 1 0 0 0 1 0 0 0 1 0 0 0 1
n3 1 1 0 1 0 1 0 1 0 1 1 1 1 1 0 0 1 1 1 1 1 1 1 0 0 0 0 0 0 0 0 0 1 0 0 0 0 0 0 0 0 1 1 0 0 0 0 1 1 1
n4 0 1 1 0 0 1 1 1 1 1 0 1 0 0 1 0 1 0 1 0 0 0 1 1 1 0 0 1 0 0 1 0 0 0 0 1 1 0 1 0 1 0 1 0 1 0 0 0 0 0
n5 0 1 0 0 0 1 0 0 1 0 1 0 0 0 1 0 1 1 1 1 0 0 0 0 0 0 0 1 1 1 1 1 1 0 0 1 1 0 1 1 0 1 0 1 0 0 0 0 1 0
n6 1 0 1 1 1 0 1 1 0 0 1 1 0 0 1 0 0 1 0 1 1 0 0 1 1 0 0 1 1 1 0 1 1 1 1 1 0 1 0 0 0 0 0 0 1 0 0 1 1 0
n7 1 1 0 1 0 1 0 1 1 0 1 1 0 1 1 1 0 1 0 1 0 1 0 0 1 1 1 0 1 1 1 0 0 1 1 0 1 0 0 1 0 1 1 1 0 1 0 0 0 0
n8 0 0 1 1 0 1 1 0 1 0 0 0 0 1 0 0 0 0 0 0 0 1 1 1 0 1 1 0 1 0 1 1 0 0 0 0 0 1 0 0 1 1 0 0 1 0 1 1 0 1
n9 1 1 0 1 1 0 1 1 0 0 0 0 1 1 1 1 1 1 1 1 1 0 0 0 0 1 1 0 0 0 0 0 0 0 0 0 1 0 0 1 1 0 1 0 0 0 0 1 0 0
n10 1 1 1 1 0 0 0 0 0 0 1 0 1 0 0 0 0 0 1 1 0 0 0 0 0 1 1 0 0 1 1 0 0 0 1 0 0 0 0 0 1 0 0 1 1 1 1 1 1 0
n11 1 1 1 0 1 1 1 0 0 1 0 1 0 0 0 1 0 0 1 1 0 1 0 0 1 0 0 1 0 0 1 0 0 1 0 1 0 0 1 0 0 1 1 1 0 1 0 0 1 1
n12 0 0 1 1 0 1 1 0 0 0 1 0 0 1 1 1 0 0 0 0 1 0 1 1 0 1 0 0 0 1 0 0 1 1 1 0 1 1 1 0 0 1 0 0 1 1 0 0 0 0
n13 1 0 1 0 0 0 0 0 1 1 0 0 0 0 0 1 0 1 1 0 1 1 0 0 1 1 1 0 1 0 0 1 1 1 1 1 1 0 0 0 0 1 0 1 1 0 1 1 0 0
n14 1 1 1 0 0 0 1 1 1 0 0 1 0 0 0 0 1 0 0 0 0 1 0 0 1 0 1 1 1 1 1 0 0 1 0 1 1 1 0 0 1 0 0 0 1 1 0 0 1 0
n15 1 0 0 1 1 1 1 0 1 0 0 1 0 0 0 0 1 0 1 1 1 0 0 1 1 1 1 0 0 0 1 1 1 0 0 0 0 0 0 1 1 1 1 0 1 1 0 1 1 0
n16 1 1 0 0 0 0 1 0 1 0 1 1 1 0 0 0 1 1 1 0 0 0 0 1 1 0 0 1 0 1 1 0 0 1 1 1 0 1 0 1 1 1 0 0 0 0 0 0 1 0
n17 0 0 1 1 1 0 0 0 1 0 0 0 0 1 1 1 0 1 1 1 0 1 0 1 1 1 1 0 0 0 0 0 1 1 0 1 1 0 1 0 0 1 0 1 1 1 1 0 0 0
n18 0 1 1 0 1 1 1 0 1 0 0 0 1 0 0 1 1 0 0 1 0 1 1 1 1 1 0 0 1 1 0 0 1 1 0 0 0 1 0 0 0 0 0 1 0 0 0 0 1 1
n19 0 1 1 1 1 0 0 0 1 1 1 0 1 0 1 1 1 0 0 1 0 1 1 0 0 0 1 1 1 1 0 1 0 0 0 1 1 1 1 1 1 0 1 0 0 1 0 1 1 0
n20 0 0 1 0 1 1 1 0 1 1 1 0 0 0 1 0 1 1 1 0 0 0 1 0 1 0 0 1 0 0 1 0 0 1 0 0 0 1 1 0 0 0 1 0 1 0 0 0 0 0
n21 1 1 1 0 0 1 0 0 1 0 0 1 1 0 1 0 0 0 0 0 0 0 0 1 1 0 0 0 1 0 1 1 1 1 0 0 1 0 0 1 1 1 1 1 0 1 0 1 0 0
n22 1 0 1 0 0 0 1 1 0 0 1 0 1 1 0 0 1 1 1 0 0 0 0 0 1 0 0 1 1 1 1 1 1 0 0 0 1 0 0 1 0 1 0 0 0 1 1 0 1 0
n23 0 1 1 1 0 0 0 1 0 0 0 1 0 0 0 0 0 1 1 1 0 0 0 1 0 0 0 1 1 1 0 1 0 1 0 0 1 0 0 0 1 1 0 1 0 0 0 0 0 0
n24 0 0 0 1 0 1 0 1 0 0 0 1 0 0 1 1 1 1 0 0 1 0 1 0 1 0 1 1 1 0 0 1 1 1 0 1 0 1 0 0 0 1 1 0 0 0 1 1 0 0
n25 0 0 0 1 0 1 1 0 0 0 1 0 1 1 1 1 1 1 0 1 1 1 0 1 0 1 1 1 0 1 0 0 0 1 1 1 0 0 0 1 1 1 1 0 0 1 0 1 1 1
n26 0 0 0 0 0 0 1 1 1 1 0 1 1 0 1 0 1 1 0 0 0 0 0 0 1 0 1 1 0 0 0 1 0 1 0 1 1 0 1 0 0 0 0 0 1 0 1 0 0 0
n27 0 1 0 0 0 0 1 1 1 1 0 0 1 1 1 0 1 0 1 0 0 0 0 1 1 1 0 0 1 0 0 0 1 1 1 0 0 1 1 0 0 0 0 0 1 1 0 1 1 0
n28 1 0 0 1 1 1 0 0 0 0 1 0 0 1 0 1 0 0 1 1 0 1 1 1 1 1 0 0 1 0 0 0 0 0 0 1 0 1 0 1 0 1 0 1 1 0 0 1 0 1
n29 0 1 0 0 1 1 1 1 0 0 0 0 1 1 0 0 0 1 1 0 1 1 1 1 0 0 1 1 0 1 0 0 1 0 0 0 0 1 0 0 0 0 0 1 1 0 0 0 0 0
n30 1 1 0 0 1 1 1 0 0 1 0 1 0 1 0 1 0 1 1 0 0 1 1 0 1 0 0 0 1 0 1 1 1 0 0 1 1 0 0 0 0 0 1 1 0 1 0 1 1 0
n31 0 1 0 1 1 0 1 1 0 1 1 0 0 1 1 1 0 0 0 1 1 1 0 0 0 0 0 0 0 1 0 1 0 0 1 1 0 0 1 0 1 1 1 0 0 0 1 0 1 0
n32 1 1 0 0 1 1 0 1 0 0 0 0 1 0 1 0 0 0 1 0 1 1 1 1 0 1 0 0 0 1 1 0 0 1 1 0 0 0 0 0 1 0 1 1 1 0 1 1 0 1
n33 0 1 1 0 1 1 0 0 0 0 0 1 1 0 1 0 1 1 0 0 1 1 0 1 0 0 1 0 1 1 0 0 0 0 1 0 0 1 0 1 1 1 0 1 0 1 0 1 0 0
n34 0 1 0 0 0 1 1 0 0 0 1 1 1 1 0 1 1 1 0 1 1 0 1 1 1 1 1 0 0 0 0 1 0 0 0 1 1 1 0 1 1 0 1 0 0 1 1 0 0 0
n35 0 1 0 0 0 1 1 0 0 1 0 1 1 0 0 1 0 0 0 0 0 0 0 0 1 0 1 0 0 0 1 1 1 0 0 0 0 1 0 0 1 0 0 0 0 0 1 1 1 1
n36 1 0 0 1 1 1 0 0 0 0 1 0 1 1 0 1 1 0 1 0 0 0 0 1 1 1 0 1 0 1 1 0 0 1 0 0 1 0 1 1 1 1 1 0 0 1 0 1 1 0
n37 0 0 0 1 1 0 1 0 1 0 0 1 1 1 0 0 1 0 1 0 1 1 1 0 0 1 0 0 0 1 0 0 0 1 0 1 0 1 0 1 0 0 0 1 0 0 0 0 0 0
n38 0 1 0 0 0 1 0 1 0 0 0 1 0 1 0 1 0 1 1 1 0 0 0 1 0 0 1 1 1 0 0 0 1 1 1 0 1 0 0 0 1 1 1 1 0 0 1 1 1 1
n39 0 0 0 1 1 0 0 0 0 0 1 1 0 0 0 0 1 0 1 1 0 0 0 0 0 1 1 0 0 0 1 0 0 0 0 1 0 0 0 0 0 0 0 1 0 1 0 0 0 1
n40 1 0 0 0 1 0 1 0 1 0 0 0 0 0 1 1 0 0 1 0 1 1 0 0 1 0 0 1 0 0 0 0 1 1 0 1 1 0 0 0 0 0 0 0 0 1 1 0 0 0
n41 1 0 0 1 0 0 0 1 1 1 0 0 0 1 1 1 0 0 1 0 1 0 1 0 1 0 0 0 0 0 1 1 1 1 1 1 0 1 0 0 0 0 0 1 0 0 0 1 0 0
n42 0 1 1 0 1 0 1 1 0 0 1 1 1 0 1 1 1 0 0 0 1 1 1 1 1 0 0 1 0 0 1 0 1 0 0 1 0 1 0 0 0 0 1 1 1 0 0 0 1 1
n43 0 0 1 1 0 0 1 0 1 0 1 0 0 0 1 0 0 0 1 1 1 0 0 1 1 0 0 0 0 1 1 1 0 1 0 1 0 1 0 0 0 1 0 1 1 0 1 0 0 0
n44 0 0 0 0 1 0 1 0 0 1 1 0 1 0 0 0 1 1 0 0 1 0 1 0 0 0 0 1 1 1 0 1 1 0 0 0 1 1 1 0 1 1 1 0 0 1 1 0 1 0
n45 0 0 0 1 0 1 0 1 0 1 0 1 1 1 1 0 1 0 0 1 0 0 0 0 0 1 1 1 1 0 0 1 0 0 0 0 0 0 0 0 0 1 1 0 0 0 0 0 1 0
n46 0 1 0 0 0 0 1 0 0 1 1 1 0 1 1 0 1 0 1 0 1 1 0 0 1 0 1 0 0 1 0 0 1 1 0 1 0 0 1 1 0 0 0 1 0 0 1 1 0 0
n47 1 0 0 0 0 0 0 1 0 1 0 0 1 0 0 0 1 0 0 0 0 1 0 1 0 1 0 0 0 0 1 1 0 1 1 0 0 1 0 1 0 0 1 1 0 1 0 0 0 1
n48 1 0 1 0 0 1 0 1 1 1 0 0 1 0 1 0 0 0 1 0 1 0 0 1 1 0 1 1 0 1 0 1 1 0 1 1 0 1 0 0 1 0 0 0 0 1 0 0 1 0
n49 0 0 1 0 1 1 0 0 0 1 1 0 0 1 1 1 0 1 1 0 0 1 0 0 1 0 1 0 0 1 1 0 0 0 1 1 0 1 0 0 0 1 0 1 1 0 0 1 0 0
n50 0 1 1 0 0 0 0 1 0 0 1 0 0 0 0 0 0 1 0 0 0 0 0 0 1 0 0 1 0 0 0 1 0 0 1 0 0 1 1 0 0 1 0 0 0 0 1 0 0 0
