X n1 n2 n3 n4 n5 n6 n7 n8 n9 n10 n11 n12 n13 n14 n15 n16 n17 n18 n19 n20 n21 n22 n23 n24 n25 n26 n27 n28 n29 n30 n31 n32 n33 n34 n35 n36 n37 n38 n39 n40 n41 n42 n43 n44 n45 n46 n47 n48 n49 n50 n51 n52 n53 n54 n55 n56 n57 n58 n59 n60 n61 n62 n63 n64 n65 n66 n67 n68 n69 n70 n71 n72 n73 n74 n75 n76 n77 n78 n79 n80 n81 n82 n83 n84 n85 n86 n87 n88 n89 n90 n91 n92 n93 n94 n95 n96 n97 n98 n99 n100
n1 0 0 7 0 0 0 0 0 7 0 5 8 1 4 2 4 0 3 0 1 0 0 4 3 7 0 0 0 7 0 4 6 3 5 5 0 4 2 8 0 0 0 0 0 0 0 7 7 8 7 4 5 7 0 0 2 0 0 0 0 7 0 0 0 0 3 0 5 8 7 0 0 7 6 5 0 0 0 0 0 0 3 3 1 7 0 1 0 3 0 5 0 0 0 1 8 0 0 7 0
n2 0 0 1 0 4 0 3 0 8 0 5 2 0 0 4 4 4 0 0 0 2 0 0 5 0 7 5 0 8 6 4 4 6 0 0 0 3 7 0 0 0 0 0 0 0 2 4 0 6 0 0 0 4 0 5 0 5 5 6 0 4 0 5 6 3 1 0 0 5 0 2 4 7 0 0 0 7 0 7 0 0 0 0 0 1 4 0 0 0 0 0 0 8 5 0 0 0 5 3 8
n3 7 1 0 0 0 8 0 0 0 0 0 5 4 4 0 0 0 0 5 0 0 7 0 0 0 0 2 0 0 0 2 0 3 4 0 6 0 4 0 0 2 0 7 2 0 0 4 0 3 4 2 4 0 7 5 2 0 2 0 0 0 4 1 3 0 0 5 4 0 7 0 0 0 0 0 0 1 0 0 0 6 3 6 3 0 0 0 4 0 0 5 0 8 0 0 0 3 0 5 0
n4 0 0 0 0 0 0 0 0 0 5 7 5 0 4 0 0 0 1 0 0 6 7 0 0 2 8 3 4 0 0 0 1 1 2 1 0 2 0 0 0 0 1 2 8 6 2 8 0 5 0 3 0 0 8 0 0 7 0 0 0 3 6 0 3 0 3 0 4 2 0 2 0 0 0 1 0 0 0 4 6 6 0 3 7 1 8 0 0 0 0 0 7 8 2 0 4 1 8 0 4
n5 0 4 0 0 0 1 0 2 0 0 3 0 7 0 2 7 0 0 0 0 0 0 8 4 5 0 8 0 0 4 1 2 7 8 6 0 0 5 0 0 0 5 3 0 4 0 0 3 3 0 0 7 2 0 0 0 0 8 2 3 3 0 8 0 0 0 0 0 0 4 0 0 0 2 5 0 0 0 0 1 5 3 0 0 3 0 6 4 0 2 1 7 0 1 1 0 6 0 0 2
n6 0 0 8 0 1 0 0 0 0 0 0 8 6 8 0 4 0 5 5 2 0 0 3 0 6 5 0 0 0 0 1 3 4 0 0 6 2 1 0 0 0 3 4 0 1 0 0 0 0 0 3 0 5 2 2 0 0 0 0 0 0 0 0 6 0 0 0 7 1 0 4 0 0 0 0 4 0 5 1 0 0 3 6 0 0 0 7 0 0 6 1 0 0 0 0 5 8 0 1 0
n7 0 3 0 0 0 0 0 5 0 4 5 0 0 0 0 0 5 0 0 0 0 6 2 1 0 0 0 4 6 0 0 0 0 0 3 5 3 3 1 7 8 8 0 6 6 0 5 1 0 1 0 0 4 0 0 8 0 0 0 0 0 0 1 0 8 0 8 0 5 0 0 0 5 2 3 0 1 0 4 1 7 3 0 0 8 0 0 5 0 1 0 0 0 3 3 0 5 3 0 0
n8 0 0 0 0 2 0 5 0 0 0 7 1 2 6 6 4 2 0 0 0 0 0 2 3 2 0 6 0 7 0 1 4 0 0 0 0 0 7 7 0 0 0 5 0 2 0 0 0 0 0 8 3 0 0 5 0 0 0 0 0 0 5 1 7 0 0 0 0 3 0 0 1 0 0 1 0 0 0 0 0 1 0 1 5 5 1 2 6 2 4 0 1 4 0 0 7 8 3 0 4
n9 7 8 0 0 0 0 0 0 0 4 0 0 0 3 5 0 0 8 5 1 0 0 0 8 0 0 0 0 0 0 8 8 3 0 0 0 0 0 0 8 0 5 0 0 0 0 0 0 0 0 0 0 0 0 1 1 4 0 0 6 0 0 3 0 4 1 0 0 0 0 3 1 0 0 0 0 0 0 5 0 2 0 7 5 7 4 0 0 0 7 0 0 1 0 7 0 1 0 0 0
n10 0 0 0 5 0 0 4 0 4 0 0 3 4 0 0 8 0 4 0 0 0 0 0 0 0 0 4 0 2 2 0 0 7 1 0 5 0 4 0 1 0 0 0 0 2 0 0 8 6 5 0 0 0 0 0 8 5 0 0 0 6 0 7 5 5 0 1 0 6 0 8 5 0 2 0 3 1 0 0 0 5 0 0 6 0 7 1 5 0 0 0 8 0 0 0 7 7 6 0 0
n11 5 5 0 7 3 0 5 7 0 0 0 0 1 0 5 5 0 6 2 8 3 8 0 0 0 0 7 0 0 6 0 0 8 0 1 1 6 0 0 0 3 0 3 0 0 0 0 0 1 0 0 1 4 7 0 3 8 6 0 1 8 4 0 7 0 0 6 6 4 1 6 0 8 0 0 0 0 8 3 0 8 3 4 0 0 0 7 0 0 0 4 0 3 0 0 1 0 0 2 0
n12 8 2 5 5 0 8 0 1 0 3 0 0 4 8 0 3 0 0 0 0 0 4 0 5 0 0 0 0 0 0 2 0 1 0 2 5 0 6 2 0 0 1 2 0 0 0 0 0 0 1 2 0 7 5 0 1 0 2 0 4 0 0 5 0 0 0 7 0 6 2 0 4 2 3 0 0 0 0 0 0 0 4 0 1 0 7 5 0 6 0 6 0 0 4 3 0 7 4 6 0
n13 1 0 4 0 7 6 0 2 0 4 1 4 0 0 3 0 0 5 3 0 6 0 6 8 8 4 0 0 5 0 8 8 4 5 2 3 6 3 5 0 0 0 6 6 0 0 2 0 0 1 0 3 0 0 0 8 5 0 0 6 3 6 0 0 0 0 0 0 0 0 0 6 3 0 0 0 0 2 0 0 2 4 0 0 6 6 0 0 6 0 4 0 6 8 7 0 0 0 1 0
n14 4 0 4 4 0 8 0 6 3 0 0 8 0 0 4 0 7 4 0 2 0 3 0 7 0 0 2 0 0 2 6 0 6 0 3 2 7 8 2 7 1 4 0 0 6 0 0 0 7 0 0 2 0 5 0 1 0 1 0 0 0 8 0 1 7 0 0 3 0 0 0 0 0 6 0 0 5 8 5 0 0 0 0 0 8 0 4 5 2 0 0 3 0 0 6 7 0 3 2 1
n15 2 4 0 0 2 0 0 6 5 0 5 0 3 4 0 6 6 3 0 0 0 3 2 8 3 8 0 2 0 7 0 0 2 0 8 4 6 7 0 0 0 7 5 7 0 0 0 0 1 0 0 0 5 2 0 0 0 1 1 2 0 3 1 1 0 7 7 0 5 8 0 0 0 0 0 6 1 0 7 8 0 3 0 5 0 0 0 5 0 6 0 0 0 4 5 4 0 1 0 8
n16 4 4 0 0 7 4 0 4 0 8 5 3 0 0 6 0 0 2 1 0 8 5 7 0 2 0 0 3 0 0 0 0 2 0 2 5 5 0 0 7 7 0 0 6 0 0 2 0 7 7 0 3 0 7 8 0 0 8 6 4 5 8 0 3 5 7 0 0 0 0 0 0 0 7 0 0 0 3 0 1 5 4 6 0 0 0 0 0 7 0 0 8 5 0 1 7 3 0 6 0
n17 0 4 0 0 0 0 5 2 0 0 0 0 0 7 6 0 0 0 8 0 0 0 3 0 7 0 0 0 5 0 7 6 7 7 1 0 7 0 0 1 0 0 2 1 6 0 0 7 0 7 0 0 6 0 6 6 0 0 3 0 8 0 0 0 3 7 0 6 8 0 7 0 0 1 8 1 3 0 2 3 8 0 0 0 6 8 5 0 0 0 0 0 6 0 2 6 0 0 7 0
n18 3 0 0 1 0 5 0 0 8 4 6 0 5 4 3 2 0 0 6 0 5 0 0 5 4 1 8 2 0 4 0 0 2 3 0 0 0 0 6 0 6 2 2 2 0 0 0 8 0 0 0 8 2 0 0 3 0 2 2 0 7 0 0 0 0 0 4 0 3 5 0 3 1 7 7 0 0 8 5 3 0 8 2 4 1 0 7 0 0 0 0 6 0 0 0 0 5 0 1 0
n19 0 0 5 0 0 5 0 0 5 0 2 0 3 0 0 1 8 6 0 8 5 8 5 0 0 4 0 0 4 4 0 0 0 0 2 8 0 0 7 0 3 0 5 3 0 0 7 0 8 0 0 4 0 0 0 4 0 4 0 8 5 0 4 0 1 0 3 2 4 0 0 7 7 0 5 0 2 0 0 0 5 0 4 5 8 7 2 0 3 0 0 3 0 0 0 5 7 2 0 0
n20 1 0 0 0 0 2 0 0 1 0 8 0 0 2 0 0 0 0 8 0 0 0 0 8 7 5 0 0 0 5 0 3 5 0 0 0 4 0 8 0 0 0 0 0 5 0 0 7 7 0 4 5 2 3 7 0 0 0 7 0 3 0 0 8 0 1 3 1 0 5 4 0 0 0 0 2 0 0 6 0 3 5 0 0 5 4 0 5 0 6 0 0 5 0 4 8 0 7 0 0
n21 0 2 0 6 0 0 0 0 0 0 3 0 6 0 0 8 0 5 5 0 0 0 6 0 0 5 0 4 0 0 7 0 0 0 0 0 8 0 0 0 0 0 0 0 0 0 0 0 6 0 5 7 7 0 0 0 0 6 1 5 0 1 3 2 2 2 0 0 5 0 0 0 0 0 7 6 6 1 7 1 1 0 0 0 0 0 3 4 6 3 0 1 2 1 1 0 0 7 7 3
n22 0 0 7 7 0 0 6 0 0 0 8 4 0 3 3 5 0 0 8 0 0 0 0 0 0 4 0 0 1 2 3 0 0 7 2 0 4 0 5 1 0 0 8 0 0 0 0 0 0 8 6 0 3 5 0 0 0 0 0 0 8 0 3 0 7 4 1 0 0 3 0 2 0 5 8 6 3 0 7 0 0 0 0 4 8 0 0 3 0 6 5 3 0 0 0 0 8 0 0 0
n23 4 0 0 0 8 3 2 2 0 0 0 0 6 0 2 7 3 0 5 0 6 0 0 0 0 0 4 0 3 4 0 0 8 8 1 0 0 4 1 0 6 2 0 0 3 6 0 8 0 0 0 0 3 6 0 0 0 0 7 0 0 0 6 5 0 3 0 8 0 3 0 0 0 5 0 0 3 0 0 6 7 0 6 1 4 0 0 3 0 0 8 7 0 0 0 3 5 4 1 2
n24 3 5 0 0 4 0 1 3 8 0 0 5 8 7 8 0 0 5 0 8 0 0 0 0 6 0 0 0 3 0 0 0 0 8 0 0 1 0 0 6 0 1 0 0 0 0 0 5 0 6 0 0 1 5 0 4 0 3 0 0 0 0 2 0 0 5 0 0 1 0 1 0 0 0 7 0 0 3 7 1 2 0 0 5 0 6 5 7 7 6 0 6 0 2 0 0 4 0 0 8
n25 7 0 0 2 5 6 0 2 0 0 0 0 8 0 3 2 7 4 0 7 0 0 0 6 0 0 0 0 0 5 6 0 0 0 8 5 0 4 0 7 4 4 0 0 0 7 2 0 7 0 0 0 0 5 0 7 0 0 4 3 1 0 5 8 2 0 0 4 0 7 5 6 0 0 6 0 0 5 4 8 0 0 8 0 7 0 7 8 6 4 4 0 6 6 0 0 3 0 3 0
n26 0 7 0 8 0 5 0 0 0 0 0 0 4 0 8 0 0 1 4 5 5 4 0 0 0 0 0 0 0 0 0 0 0 0 0 1 0 0 3 5 4 0 0 0 0 1 7 5 4 0 8 0 0 0 8 0 1 6 5 4 1 8 0 3 0 0 0 0 0 4 0 4 7 4 0 1 7 6 4 0 4 0 4 1 0 2 7 4 2 1 0 4 8 7 0 0 2 2 0 8
n27 0 5 2 3 8 0 0 6 0 4 7 0 0 2 0 0 0 8 0 0 0 0 4 0 0 0 0 0 0 7 3 2 0 0 0 0 5 0 1 6 0 0 3 1 2 0 7 0 0 0 0 0 3 0 2 0 1 8 2 3 6 2 5 0 2 3 0 5 0 0 0 8 1 0 0 4 0 0 0 2 0 4 1 0 6 7 0 0 5 0 0 7 0 0 0 6 0 0 0 0
n28 0 0 0 4 0 0 4 0 0 0 0 0 0 0 2 3 0 2 0 0 4 0 0 0 0 0 0 0 4 3 8 0 0 0 8 6 0 5 6 0 0 0 0 7 3 2 8 0 7 0 0 0 2 5 1 6 0 7 6 0 0 0 0 2 0 0 0 5 7 0 0 3 6 5 2 0 0 6 0 0 0 0 8 8 0 7 4 5 0 5 3 7 0 6 7 3 7 1 5 0
n29 7 8 0 0 0 0 6 7 0 2 0 0 5 0 0 0 5 0 4 0 0 1 3 3 0 0 0 4 0 0 0 3 0 1 0 8 0 0 0 0 4 0 0 5 0 0 4 1 2 0 6 0 1 0 0 6 0 0 0 0 0 7 0 7 0 1 0 0 5 4 0 0 0 1 5 0 3 0 0 0 7 0 0 0 7 0 4 5 2 8 4 3 0 0 0 0 7 0 0 0
n30 0 6 0 0 4 0 0 0 0 2 6 0 0 2 7 0 0 4 4 5 0 2 4 0 5 0 7 3 0 0 0 0 0 0 5 0 0 0 0 0 0 0 3 0 0 0 4 0 0 3 0 7 0 8 6 0 0 0 7 0 0 1 8 6 0 0 0 5 7 8 0 5 4 0 5 3 0 2 0 5 8 0 4 2 1 0 0 0 4 2 0 0 0 3 8 1 8 3 6 0
n31 4 4 2 0 1 1 0 1 8 0 0 2 8 6 0 0 7 0 0 0 7 3 0 0 6 0 3 8 0 0 0 4 0 0 0 0 0 0 1 0 0 1 0 6 0 0 2 2 0 0 8 0 0 0 0 3 0 0 1 7 7 0 3 0 6 0 0 7 1 0 7 7 0 7 0 1 0 0 0 3 0 2 0 0 0 5 0 0 0 0 0 4 6 0 0 0 0 4 0 8
n32 6 4 0 1 2 3 0 4 8 0 0 0 8 0 0 0 6 0 0 3 0 0 0 0 0 0 2 0 3 0 4 0 4 0 0 6 0 0 0 2 0 0 5 2 6 0 0 3 1 7 0 0 4 0 8 0 5 0 0 7 0 4 0 0 2 5 4 0 0 2 5 4 0 1 0 0 0 0 0 5 0 4 0 0 0 0 0 5 0 0 0 2 1 1 0 7 8 0 7 0
n33 3 6 3 1 7 4 0 0 3 7 8 1 4 6 2 2 7 2 0 5 0 0 8 0 0 0 0 0 0 0 0 4 0 3 8 0 4 3 0 0 3 0 0 0 3 1 0 0 0 0 2 1 4 1 0 6 6 0 0 0 0 0 5 1 0 5 2 5 0 0 0 6 0 0 6 4 7 8 0 5 1 3 0 0 0 0 0 0 0 1 4 5 2 4 6 0 0 0 0 8
n34 5 0 4 2 8 0 0 0 0 1 0 0 5 0 0 0 7 3 0 0 0 7 8 8 0 0 0 0 1 0 0 0 3 0 0 4 0 6 3 4 0 0 3 0 5 0 0 0 7 1 0 0 5 1 0 0 5 0 3 0 0 0 6 4 0 2 4 8 0 3 0 6 0 7 0 1 0 2 0 0 3 0 0 4 2 4 0 0 3 0 5 5 0 5 0 0 8 6 0 0
n35 5 0 0 1 6 0 3 0 0 0 1 2 2 3 8 2 1 0 2 0 0 2 1 0 8 0 0 8 0 5 0 0 8 0 0 0 7 8 0 8 0 0 4 0 0 2 0 0 0 0 0 0 0 0 2 6 0 0 0 1 1 0 0 0 6 2 2 1 3 0 0 6 8 3 0 2 1 1 6 5 5 3 2 0 0 1 0 5 1 5 7 0 0 4 0 0 6 8 0 3
n36 0 0 6 0 0 6 5 0 0 5 1 5 3 2 4 5 0 0 8 0 0 0 0 0 5 1 0 6 8 0 0 6 0 4 0 0 0 2 6 0 6 0 1 0 8 0 0 0 0 5 0 8 6 0 8 7 0 4 0 4 4 6 2 6 0 7 0 0 0 8 0 6 5 0 2 0 0 0 0 0 0 0 6 0 5 8 0 3 0 0 7 0 8 4 0 0 0 0 8 0
n37 4 3 0 2 0 2 3 0 0 0 6 0 6 7 6 5 7 0 0 4 8 4 0 1 0 0 5 0 0 0 0 0 4 0 7 0 0 0 6 4 6 1 6 2 0 0 8 6 8 7 0 5 2 0 0 6 0 0 0 4 0 1 3 6 0 0 0 0 0 5 0 0 0 0 1 0 5 0 0 0 0 0 0 6 0 8 0 6 3 0 0 8 4 0 7 2 0 0 0 4
n38 2 7 4 0 5 1 3 7 0 4 0 6 3 8 7 0 0 0 0 0 0 0 4 0 4 0 0 5 0 0 0 0 3 6 8 2 0 0 2 0 8 0 2 3 5 6 0 1 1 7 3 7 0 0 0 0 8 0 0 0 4 0 6 4 0 0 0 0 4 0 0 0 0 0 2 0 6 0 0 0 0 0 4 5 0 1 0 0 0 3 3 6 0 5 0 0 0 1 0 0
n39 8 0 0 0 0 0 1 7 0 0 0 2 5 2 0 0 0 6 7 8 0 5 1 0 0 3 1 6 0 0 1 0 0 3 0 6 6 2 0 0 2 0 3 4 0 0 3 0 0 0 7 1 6 0 5 0 5 0 0 0 0 0 8 6 0 0 7 0 6 8 0 0 7 0 0 0 0 0 0 3 0 8 6 0 0 0 0 5 2 2 0 0 0 7 0 1 0 0 3 0
n40 0 0 0 0 0 0 7 0 8 1 0 0 0 7 0 7 1 0 0 0 0 1 0 6 7 5 6 0 0 0 0 2 0 4 8 0 4 0 0 0 0 7 1 0 0 2 8 6 3 0 0 0 3 7 6 0 5 0 2 8 4 4 4 5 0 8 6 0 0 0 0 0 1 0 0 7 0 4 0 0 0 5 7 2 7 0 0 0 0 0 0 4 0 0 1 0 2 6 0 0
n41 0 0 2 0 0 0 8 0 0 0 3 0 0 1 0 7 0 6 3 0 0 0 6 0 4 4 0 0 4 0 0 0 3 0 0 6 6 8 2 0 0 0 4 0 4 6 4 0 0 0 0 0 0 0 0 0 3 2 2 0 0 4 0 0 2 8 0 2 6 0 7 5 0 5 0 0 0 0 0 0 5 6 0 0 8 0 3 3 8 0 1 0 1 0 0 3 0 0 5 5
n42 0 0 0 1 5 3 8 0 5 0 0 1 0 4 7 0 0 2 0 0 0 0 2 1 4 0 0 0 0 0 1 0 0 0 0 0 1 0 0 7 0 0 4 0 0 0 0 6 3 0 0 0 0 0 8 0 0 0 0 0 8 0 0 8 0 0 0 0 0 2 8 2 8 2 6 0 0 2 4 3 3 5 0 6 3 0 0 0 3 7 4 0 0 0 6 0 0 0 0 1
n43 0 0 7 2 3 4 0 5 0 0 3 2 6 0 5 0 2 2 5 0 0 8 0 0 0 0 3 0 0 3 0 5 0 3 4 1 6 2 3 1 4 4 0 0 7 0 7 0 0 6 0 0 0 0 0 0 3 0 4 8 0 1 8 1 8 7 5 5 0 0 0 0 4 0 0 0 0 4 2 4 1 5 0 0 2 0 0 4 0 1 4 0 0 8 0 8 0 0 1 0
n44 0 0 2 8 0 0 6 0 0 0 0 0 6 0 7 6 1 2 3 0 0 0 0 0 0 0 1 7 5 0 6 2 0 0 0 0 2 3 4 0 0 0 0 0 0 0 0 0 2 0 0 0 0 0 8 7 3 0 0 0 2 0 8 3 0 0 0 0 0 0 0 0 0 7 1 0 3 0 5 2 0 0 0 0 0 6 0 3 0 6 0 3 0 0 6 6 7 6 0 0
n45 0 0 0 6 4 1 6 2 0 2 0 0 0 6 0 0 6 0 0 5 0 0 3 0 0 0 2 3 0 0 0 6 3 5 0 8 0 5 0 0 4 0 7 0 0 1 3 2 0 7 0 6 0 0 2 0 3 2 0 8 0 4 0 1 0 1 5 0 0 0 0 0 0 3 7 0 1 0 0 2 5 7 0 3 0 0 6 6 0 0 0 3 6 0 0 6 5 0 0 0
n46 0 2 0 2 0 0 0 0 0 0 0 0 0 0 0 0 0 0 0 0 0 0 6 0 7 1 0 2 0 0 0 0 1 0 2 0 0 6 0 2 6 0 0 0 1 0 0 0 6 4 3 3 6 1 0 0 0 0 0 0 4 0 0 7 3 3 4 4 8 0 3 0 0 0 0 0 0 3 0 4 0 0 7 6 4 5 1 0 0 4 8 0 0 0 7 6 3 0 5 0
n47 7 4 4 8 0 0 5 0 0 0 0 0 2 0 0 2 0 0 7 0 0 0 0 0 2 7 7 8 4 4 2 0 0 0 0 0 8 0 3 8 4 0 7 0 3 0 0 2 1 0 0 0 0 0 0 0 0 4 6 0 0 0 1 2 1 8 0 0 0 0 3 0 0 5 0 8 3 0 3 2 0 0 4 0 5 0 4 7 7 0 0 0 8 3 0 0 0 7 4 0
n48 7 0 0 0 3 0 1 0 0 8 0 0 0 0 0 0 7 8 0 7 0 0 8 5 0 5 0 0 1 0 2 3 0 0 0 0 6 1 0 6 0 6 0 0 2 0 2 0 0 0 6 0 0 0 3 6 0 2 3 1 5 0 0 0 0 0 0 0 4 0 6 0 0 0 2 7 8 0 0 5 5 0 5 2 0 0 5 0 0 3 7 0 0 0 5 4 2 4 0 0
n49 8 6 3 5 3 0 0 0 0 6 1 0 0 7 1 7 0 0 8 7 6 0 0 0 7 4 0 7 2 0 0 1 0 7 0 0 8 1 0 3 0 3 0 2 0 6 1 0 0 3 0 6 0 8 4 0 7 0 0 0 0 8 8 0 2 4 1 0 0 1 7 2 6 0 0 0 0 0 0 8 0 1 7 0 0 0 7 0 0 6 6 0 1 0 6 0 0 6 8 0
n50 7 0 4 0 0 0 1 0 0 5 0 1 1 0 0 7 7 0 0 0 0 8 0 6 0 0 0 0 0 3 0 7 0 1 0 5 7 7 0 0 0 0 6 0 7 4 0 0 3 0 0 0 0 0 8 5 0 0 8 0 4 7 1 0 0 8 1 0 0 4 1 5 0 0 5 0 3 0 0 0 0 1 7 3 0 0 5 0 0 0 2 0 0 0 4 0 0 0 0 0
n51 4 0 2 3 0 3 0 8 0 0 0 2 0 0 0 0 0 0 0 4 5 6 0 0 0 8 0 0 6 0 8 0 2 0 0 0 0 3 7 0 0 0 0 0 0 3 0 6 0 0 0 0 8 0 8 0 0 0 0 0 3 5 0 0 0 1 4 0 0 0 0 2 6 0 0 6 0 8 7 6 0 7 0 0 3 4 1 7 4 6 0 0 2 0 4 7 0 0 4 1
n52 5 0 4 0 7 0 0 3 0 0 1 0 3 2 0 3 0 8 4 5 7 0 0 0 0 0 0 0 0 7 0 0 1 0 0 8 5 7 1 0 0 0 0 0 6 3 0 0 6 0 0 0 0 0 3 0 0 4 8 0 1 0 0 0 7 0 0 0 0 5 4 0 0 5 7 3 1 4 3 0 0 0 3 0 0 0 6 7 0 7 8 0 0 0 0 4 0 7 7 0
n53 7 4 0 0 2 5 4 0 0 0 4 7 0 0 5 0 6 2 0 2 7 3 3 1 0 0 3 2 1 0 0 4 4 5 0 6 2 0 6 3 0 0 0 0 0 6 0 0 0 0 8 0 0 6 0 0 3 5 0 0 2 6 1 0 5 0 5 0 7 0 7 0 4 0 0 0 3 0 0 4 0 0 8 0 0 0 0 7 0 7 0 7 0 0 0 0 0 0 0 2
n54 0 0 7 8 0 2 0 0 0 0 7 5 0 5 2 7 0 0 0 3 0 5 6 5 5 0 0 5 0 8 0 0 1 1 0 0 0 0 0 7 0 0 0 0 0 1 0 0 8 0 0 0 6 0 0 0 5 0 0 4 0 0 0 8 7 0 5 3 0 0 0 3 3 3 0 0 4 1 1 0 0 0 0 0 1 0 0 6 0 4 0 0 7 8 0 2 0 3 4 5
n55 0 5 5 0 0 2 0 5 1 0 0 0 0 0 0 8 6 0 0 7 0 0 0 0 0 8 2 1 0 6 0 8 0 0 2 8 0 0 5 6 0 8 0 8 2 0 0 3 4 8 8 3 0 0 0 0 0 2 7 0 8 8 0 1 0 0 0 4 0 0 8 6 8 0 4 6 4 6 7 8 7 0 0 0 0 3 4 0 0 0 4 8 0 6 0 6 0 0 0 0
n56 2 0 2 0 0 0 8 0 1 8 3 1 8 1 0 0 6 3 4 0 0 0 0 4 7 0 0 6 6 0 3 0 6 0 6 7 6 0 0 0 0 0 0 7 0 0 0 6 0 5 0 0 0 0 0 0 2 0 0 0 0 0 0 0 0 0 0 0 7 0 7 1 0 0 8 0 0 1 0 0 0 7 0 0 6 0 0 0 0 0 5 6 6 0 0 1 0 0 8 0
n57 0 5 0 7 0 0 0 0 4 5 8 0 5 0 0 0 0 0 0 0 0 0 0 0 0 1 1 0 0 0 0 5 6 5 0 0 0 8 5 5 3 0 3 3 3 0 0 0 7 0 0 0 3 5 0 2 0 4 0 7 3 0 0 6 0 8 8 0 0 0 8 0 0 0 6 5 1 3 7 3 0 6 0 0 2 0 0 4 2 1 6 0 3 7 7 5 0 0 3 0
n58 0 5 2 0 8 0 0 0 0 0 6 2 0 1 1 8 0 2 4 0 6 0 0 3 0 6 8 7 0 0 0 0 0 0 0 4 0 0 0 0 2 0 0 0 2 0 4 2 0 0 0 4 5 0 2 0 4 0 0 0 4 0 0 0 0 0 8 0 0 0 2 0 2 0 2 2 1 0 0 0 0 0 2 4 8 2 6 0 8 0 8 5 2 2 5 0 0 7 4 0
n59 0 6 0 0 2 0 0 0 0 0 0 0 0 0 1 6 3 2 0 7 1 0 7 0 4 5 2 6 0 7 1 0 0 3 0 0 0 0 0 2 2 0 4 0 0 0 6 3 0 8 0 8 0 0 7 0 0 0 0 0 3 2 0 0 0 0 3 0 0 0 8 0 0 7 4 0 0 3 0 4 3 0 1 4 0 0 0 4 7 6 6 6 1 0 0 8 0 0 4 3
n60 0 0 0 0 3 0 0 0 6 0 1 4 6 0 2 4 0 0 8 0 5 0 0 0 3 4 3 0 0 0 7 7 0 0 1 4 4 0 0 8 0 0 8 0 8 0 0 1 0 0 0 0 0 4 0 0 7 0 0 0 0 6 0 0 3 4 6 5 0 6 0 8 0 0 5 2 0 7 6 0 0 0 4 4 0 0 0 0 0 0 3 2 0 0 5 5 0 6 1 1
n61 7 4 0 3 3 0 0 0 0 6 8 0 3 0 0 5 8 7 5 3 0 8 0 0 1 1 6 0 0 0 7 0 0 0 1 4 0 4 0 4 0 8 0 2 0 4 0 5 0 4 3 1 2 0 8 0 3 4 3 0 0 8 0 0 2 3 0 0 0 0 0 1 0 0 0 0 8 0 6 7 5 8 2 0 7 1 0 0 0 0 0 1 0 0 0 0 0 0 2 0
n62 0 0 4 6 0 0 0 5 0 0 4 0 6 8 3 8 0 0 0 0 1 0 0 0 0 8 2 0 7 1 0 4 0 0 0 6 1 0 0 4 4 0 1 0 4 0 0 0 8 7 5 0 6 0 8 0 0 0 2 6 8 0 5 0 0 0 2 0 0 7 0 0 0 7 0 2 4 0 0 3 0 0 4 0 0 0 0 0 0 0 6 4 0 0 0 2 1 4 0 5
n63 0 5 1 0 8 0 1 1 3 7 0 5 0 0 1 0 0 0 4 0 3 3 6 2 5 0 5 0 0 8 3 0 5 6 0 2 3 6 8 4 0 0 8 8 0 0 1 0 8 1 0 0 1 0 0 0 0 0 0 0 0 5 0 0 2 0 0 0 0 8 6 0 0 0 7 0 8 0 0 0 3 2 6 0 3 0 6 2 2 3 0 0 0 0 0 3 2 0 6 0
n64 0 6 3 3 0 6 0 7 0 5 7 0 0 1 1 3 0 0 0 8 2 0 5 0 8 3 0 2 7 6 0 0 1 4 0 6 6 4 6 5 0 8 1 3 1 7 2 0 0 0 0 0 0 8 1 0 6 0 0 0 0 0 0 0 4 0 2 6 0 2 4 6 0 0 0 0 4 0 0 0 0 0 0 0 0 7 1 5 0 0 0 4 2 0 0 0 0 0 2 0
n65 0 3 0 0 0 0 8 0 4 5 0 0 0 7 0 5 3 0 1 0 2 7 0 0 2 0 2 0 0 0 6 2 0 0 6 0 0 0 0 0 2 0 8 0 0 3 1 0 2 0 0 7 5 7 0 0 0 0 0 3 2 0 2 4 0 0 0 0 0 0 8 7 0 0 0 2 0 0 3 0 0 0 0 4 1 0 0 1 0 4 0 0 0 0 0 3 5 4 6 0
n66 3 1 0 3 0 0 0 0 1 0 0 0 0 0 7 7 7 0 0 1 2 4 3 5 0 0 3 0 1 0 0 5 5 2 2 7 0 0 0 8 8 0 7 0 1 3 8 0 4 8 1 0 0 0 0 0 8 0 0 4 3 0 0 0 0 0 1 1 6 3 0 5 5 1 8 8 0 5 1 0 0 6 0 0 2 8 0 7 0 2 2 3 1 0 0 0 4 0 0 0
n67 0 0 5 0 0 0 8 0 0 1 6 7 0 0 7 0 0 4 3 3 0 1 0 0 0 0 0 0 0 0 0 4 2 4 2 0 0 0 7 6 0 0 5 0 5 4 0 0 1 1 4 0 5 5 0 0 8 8 3 6 0 2 0 2 0 1 0 0 6 7 0 8 5 0 0 6 8 0 8 7 8 2 0 7 1 2 8 0 0 0 0 0 0 0 2 0 0 0 0 0
n68 5 0 4 4 0 7 0 0 0 0 6 0 0 3 0 0 6 0 2 1 0 0 8 0 4 0 5 5 0 5 7 0 5 8 1 0 0 0 0 0 2 0 5 0 0 4 0 0 0 0 0 0 0 3 4 0 0 0 0 5 0 0 0 6 0 1 0 0 1 0 0 7 0 0 0 1 0 0 3 0 0 0 0 5 0 0 0 0 0 5 3 0 0 6 5 3 0 0 0 2
n69 8 5 0 2 0 1 5 3 0 6 4 6 0 0 5 0 8 3 4 0 5 0 0 1 0 0 0 7 5 7 1 0 0 0 3 0 0 4 6 0 6 0 0 0 0 8 0 4 0 0 0 0 7 0 0 7 0 0 0 0 0 0 0 0 0 6 6 1 0 3 0 1 5 7 0 0 0 0 0 1 0 0 0 8 3 4 0 0 0 0 1 1 6 0 0 0 0 0 0 0
n70 7 0 7 0 4 0 0 0 0 0 1 2 0 0 8 0 0 5 0 5 0 3 3 0 7 4 0 0 4 8 0 2 0 3 0 8 5 0 8 0 0 2 0 0 0 0 0 0 1 4 0 5 0 0 0 0 0 0 0 6 0 7 8 2 0 3 7 0 3 0 0 0 0 0 0 5 8 3 2 0 5 4 0 0 5 3 0 0 0 1 6 0 0 0 4 4 0 0 0 0
n71 0 2 0 2 0 4 0 0 3 8 6 0 0 0 0 0 7 0 0 4 0 0 0 1 5 0 0 0 0 0 7 5 0 0 0 0 0 0 0 0 7 8 0 0 0 3 3 6 7 1 0 4 7 0 8 7 8 2 8 0 0 0 6 4 8 0 0 0 0 0 0 2 0 4 0 0 6 5 6 0 0 0 4 1 2 1 6 0 0 0 6 0 0 0 6 0 0 0 5 3
n72 0 4 0 0 0 0 0 1 1 5 0 4 6 0 0 0 0 3 7 0 0 2 0 0 6 4 8 3 0 5 7 4 6 6 6 6 0 0 0 0 5 2 0 0 0 0 0 0 2 5 2 0 0 3 6 1 0 0 0 8 1 0 0 6 7 5 8 7 1 0 2 0 6 0 7 0 0 0 0 7 4 0 3 0 0 2 2 0 0 3 0 5 6 6 2 0 0 7 0 0
n73 7 7 0 0 0 0 5 0 0 0 8 2 3 0 0 0 0 1 7 0 0 0 0 0 0 7 1 6 0 4 0 0 0 0 8 5 0 0 7 1 0 8 4 0 0 0 0 0 6 0 6 0 4 3 8 0 0 2 0 0 0 0 0 0 0 5 5 0 5 0 0 6 0 7 8 0 0 2 0 1 0 4 2 2 0 0 7 7 4 2 4 0 6 7 4 0 0 0 6 4
n74 6 0 0 0 2 0 2 0 0 2 0 3 0 6 0 7 1 7 0 0 0 5 5 0 0 4 0 5 1 0 7 1 0 7 3 0 0 0 0 0 5 2 0 7 3 0 5 0 0 0 0 5 0 3 0 0 0 0 7 0 0 7 0 0 0 1 0 0 7 0 4 0 7 0 0 1 4 0 0 0 0 0 0 0 4 8 4 3 5 4 3 0 0 6 0 2 0 1 6 0
n75 5 0 0 1 5 0 3 1 0 0 0 0 0 0 0 0 8 7 5 0 7 8 0 7 6 0 0 2 5 5 0 0 6 0 0 2 1 2 0 0 0 6 0 1 7 0 0 2 0 5 0 7 0 0 4 8 6 2 4 5 0 0 7 0 0 8 0 0 0 0 0 7 8 0 0 4 0 0 0 5 0 7 0 0 0 0 0 0 7 0 2 0 3 7 0 1 0 0 6 0
n76 0 0 0 0 0 4 0 0 0 3 0 0 0 0 6 0 1 0 0 2 6 6 0 0 0 1 4 0 0 3 1 0 4 1 2 0 0 0 0 7 0 0 0 0 0 0 8 7 0 0 6 3 0 0 6 0 5 2 0 2 0 2 0 0 2 8 6 1 0 5 0 0 0 1 4 0 0 0 0 0 7 0 1 0 0 1 6 3 7 8 0 0 0 0 0 0 0 7 0 7
n77 0 7 1 0 0 0 1 0 0 1 0 0 0 5 1 0 3 0 2 0 6 3 3 0 0 7 0 0 3 0 0 0 7 0 1 0 5 6 0 0 0 0 0 3 1 0 3 8 0 3 0 1 3 4 4 0 1 1 0 0 8 4 8 4 0 0 8 0 0 8 6 0 0 4 0 0 0 2 4 0 0 2 5 6 8 0 0 0 0 0 5 7 0 0 0 0 0 0 0 2
n78 0 0 0 0 0 5 0 0 0 0 8 0 2 8 0 3 0 8 0 0 1 0 0 3 5 6 0 6 0 2 0 0 8 2 1 0 0 0 0 4 0 2 4 0 0 3 0 0 0 0 8 4 0 1 6 1 3 0 3 7 0 0 0 0 0 5 0 0 0 3 5 0 2 0 0 0 2 0 7 5 0 0 6 7 0 0 0 0 3 0 4 0 0 0 7 0 5 0 5 0
n79 0 7 0 4 0 1 4 0 5 0 3 0 0 5 7 0 2 5 0 6 7 7 0 7 4 4 0 0 0 0 0 0 0 0 6 0 0 0 0 0 0 4 2 5 0 0 3 0 0 0 7 3 0 1 7 0 7 0 0 6 6 0 0 0 3 1 8 3 0 2 6 0 0 0 0 0 4 7 0 0 0 0 0 1 8 7 2 0 8 1 0 6 0 1 2 4 2 0 6 0
n80 0 0 0 6 1 0 1 0 0 0 0 0 0 0 8 1 3 3 0 0 1 0 6 1 8 0 2 0 0 5 3 5 5 0 5 0 0 0 3 0 0 3 4 2 2 4 2 5 8 0 6 0 4 0 8 0 3 0 4 0 7 3 0 0 0 0 7 0 1 0 0 7 1 0 5 0 0 5 0 0 0 0 0 3 0 8 0 0 0 3 1 1 0 4 0 5 8 0 0 3
n81 0 0 6 6 5 0 7 1 2 5 8 0 2 0 0 5 8 0 5 3 1 0 7 2 0 4 0 0 7 8 0 0 1 3 5 0 0 0 0 0 5 3 1 0 5 0 0 5 0 0 0 0 0 0 7 0 0 0 3 0 5 0 3 0 0 0 8 0 0 5 0 4 0 0 0 7 0 0 0 0 0 3 0 0 0 0 4 3 6 0 0 0 2 0 8 0 6 0 0 0
n82 3 0 3 0 3 3 3 0 0 0 3 4 4 0 3 4 0 8 0 5 0 0 0 0 0 0 4 0 0 0 2 4 3 0 3 0 0 0 8 5 6 5 5 0 7 0 0 0 1 1 7 0 0 0 0 7 6 0 0 0 8 0 2 0 0 6 2 0 0 4 0 0 4 0 7 0 2 0 0 0 3 0 7 0 8 0 0 0 0 0 0 0 2 0 8 0 5 8 0 1
n83 3 0 6 3 0 6 0 1 7 0 4 0 0 0 0 6 0 2 4 0 0 0 6 0 8 4 1 8 0 4 0 0 0 0 2 6 0 4 6 7 0 0 0 0 0 7 4 5 7 7 0 3 8 0 0 0 0 2 1 4 2 4 6 0 0 0 0 0 0 0 4 3 2 0 0 1 5 6 0 0 0 7 0 0 4 0 1 0 6 1 2 2 0 0 0 0 8 0 0 0
n84 1 0 3 7 0 0 0 5 5 6 0 1 0 0 5 0 0 4 5 0 0 4 1 5 0 1 0 8 0 2 0 0 0 4 0 0 6 5 0 2 0 6 0 0 3 6 0 2 0 3 0 0 0 0 0 0 0 4 4 4 0 0 0 0 4 0 7 5 8 0 1 0 2 0 0 0 6 7 1 3 0 0 0 0 0 0 0 1 4 0 0 8 6 4 0 0 6 0 0 0
n85 7 1 0 1 3 0 8 5 7 0 0 0 6 8 0 0 6 1 8 5 0 8 4 0 7 0 6 0 7 1 0 0 0 2 0 5 0 0 0 7 8 3 2 0 0 4 5 0 0 0 3 0 0 1 0 6 2 8 0 0 7 0 3 0 1 2 1 0 3 5 2 0 0 4 0 0 8 0 8 0 0 8 4 0 0 7 0 8 0 0 0 2 5 0 0 0 5 0 7 2
n86 0 4 0 8 0 0 0 1 4 7 0 7 6 0 0 0 8 0 7 4 0 0 0 6 0 2 7 7 0 0 5 0 0 4 1 8 8 1 0 0 0 0 0 6 0 5 0 0 0 0 4 0 0 0 3 0 0 2 0 0 1 0 0 7 0 8 2 0 4 3 1 2 0 8 0 1 0 0 7 8 0 0 0 0 7 0 0 0 1 0 0 4 7 0 0 0 0 0 0 0
n87 1 0 0 0 6 7 0 2 0 1 7 5 0 4 0 0 5 7 2 0 3 0 0 5 7 7 0 4 4 0 0 0 0 0 0 0 0 0 0 0 3 0 0 0 6 1 4 5 7 5 1 6 0 0 4 0 0 6 0 0 0 0 6 1 0 0 8 0 0 0 6 2 7 4 0 6 0 0 2 0 4 0 1 0 0 0 0 0 8 4 0 0 4 2 4 0 0 5 0 0
n88 0 0 4 0 4 0 5 6 0 5 0 0 0 5 5 0 0 0 0 5 4 3 3 7 8 4 0 5 5 0 0 5 0 0 5 3 6 0 5 0 3 0 4 3 6 0 7 0 0 0 7 7 7 6 0 0 4 0 4 0 0 0 2 5 1 7 0 0 0 0 0 0 7 3 0 3 0 0 0 0 3 0 0 1 8 0 0 0 0 0 4 3 3 0 4 0 0 2 0 0
n89 3 0 0 0 0 0 0 2 0 0 0 6 6 2 0 7 0 0 3 0 6 0 0 7 6 2 5 0 2 4 0 0 0 3 1 0 3 0 2 0 8 3 0 0 0 0 7 0 0 0 4 0 0 0 0 0 2 8 7 0 0 0 2 0 0 0 0 0 0 0 0 0 4 5 7 7 0 3 8 0 6 0 6 4 0 1 8 0 0 0 0 5 7 7 7 0 0 4 8 0
n90 0 0 0 0 2 6 1 4 7 0 0 0 0 0 6 0 0 0 0 6 3 6 0 6 4 1 0 5 8 2 0 0 1 0 5 0 0 3 2 0 0 7 1 6 0 4 0 3 6 0 6 7 7 4 0 0 1 0 6 0 0 0 3 0 4 2 0 5 0 1 0 3 2 4 0 8 0 0 1 3 0 0 1 0 0 0 4 0 0 0 3 3 0 0 0 0 0 7 0 0
n91 5 0 5 0 1 1 0 0 0 0 4 6 4 0 0 0 0 0 0 0 0 5 8 0 4 0 0 3 4 0 0 0 4 5 7 7 0 3 0 0 1 4 4 0 0 8 0 7 6 2 0 8 0 0 4 5 6 8 6 3 0 6 0 0 0 2 0 3 1 6 6 0 4 3 2 0 5 4 0 1 0 0 2 0 0 0 0 4 0 3 0 0 0 0 5 2 0 0 0 3
n92 0 0 0 7 7 0 0 1 0 8 0 0 0 3 0 8 0 6 3 0 1 3 7 6 0 4 7 7 3 0 4 2 5 5 0 0 8 6 0 4 0 0 0 3 3 0 0 0 0 0 0 0 7 0 8 6 0 5 6 2 1 4 0 4 0 3 0 0 1 0 0 5 0 0 0 0 7 0 6 1 0 0 2 8 2 4 0 3 5 3 0 0 3 8 2 0 0 0 8 0
n93 0 8 8 8 0 0 0 4 1 0 3 0 6 0 0 5 6 0 0 5 2 0 0 0 6 8 0 0 0 0 6 1 2 0 0 8 4 0 0 0 1 0 0 0 6 0 8 0 1 0 2 0 0 7 0 6 3 2 1 0 0 0 0 2 0 1 0 0 6 0 0 6 6 0 3 0 0 0 0 0 2 2 0 6 5 7 4 3 7 0 0 3 0 0 0 0 0 0 0 0
n94 0 5 0 2 1 0 3 0 0 0 0 4 8 0 4 0 0 0 0 0 1 0 0 2 6 7 0 6 0 3 0 1 4 5 4 4 0 5 7 0 0 0 8 0 0 0 3 0 0 0 0 0 0 8 6 0 7 2 0 0 0 0 0 0 0 0 0 6 0 0 0 6 7 6 7 0 0 0 1 4 0 0 0 4 0 0 2 0 7 0 0 8 0 0 0 5 0 0 3 0
n95 1 0 0 0 1 0 3 0 7 0 0 3 7 6 5 1 2 0 0 4 1 0 0 0 0 0 0 7 0 8 0 0 6 0 0 0 7 0 0 1 0 6 0 6 0 7 0 5 6 4 4 0 0 0 0 0 7 5 0 5 0 0 0 0 0 0 2 5 0 4 6 2 4 0 0 0 0 7 2 0 8 8 0 0 0 0 4 4 7 0 5 2 0 0 0 0 0 0 0 0
n96 8 0 0 4 0 5 0 7 0 7 1 0 0 7 4 7 6 0 5 8 0 0 3 0 0 0 6 3 0 1 0 7 0 0 0 0 2 0 1 0 3 0 8 6 6 6 0 4 0 0 7 4 0 2 6 1 5 0 8 5 0 2 3 0 3 0 0 3 0 4 0 0 0 2 1 0 0 0 4 5 0 0 0 0 0 0 0 0 0 0 2 0 0 5 0 0 0 5 6 0
n97 0 0 3 1 6 8 5 8 1 7 0 7 0 0 0 3 0 5 7 0 0 8 5 4 3 2 0 7 7 8 0 8 0 8 6 0 0 0 0 2 0 0 0 7 5 3 0 2 0 0 0 0 0 0 0 0 0 0 0 0 0 1 2 0 5 4 0 0 0 0 0 0 0 0 0 0 0 5 2 8 6 5 8 6 5 0 0 0 0 0 0 0 0 0 0 0 0 0 8 0
n98 0 5 0 8 0 0 3 3 0 6 0 4 0 3 1 0 0 0 2 7 7 0 4 0 0 2 0 1 0 3 4 0 0 6 8 0 0 1 0 6 0 0 0 6 0 0 7 4 6 0 0 7 0 3 0 0 0 7 0 6 0 4 0 0 4 0 0 0 0 0 0 7 0 1 0 7 0 0 0 0 0 8 0 0 0 0 5 2 4 7 0 0 0 0 0 5 0 0 0 0
n99 7 3 5 0 0 1 0 0 0 0 2 6 1 2 0 6 7 1 0 0 7 0 1 0 3 0 0 5 0 6 0 7 0 0 0 8 0 0 3 0 5 0 1 0 0 5 4 0 8 0 4 7 0 4 0 8 3 4 4 1 2 0 6 2 6 0 0 0 0 0 5 0 6 6 6 0 0 5 6 0 0 0 0 0 7 0 0 0 8 0 0 8 0 3 0 6 8 0 0 0
n100 0 8 0 4 2 0 0 4 0 0 0 0 0 1 8 0 0 0 0 0 3 0 2 8 0 8 0 0 0 0 8 0 8 0 3 0 4 0 0 0 5 1 0 0 0 0 0 0 0 0 1 0 2 5 0 0 0 0 3 1 0 5 0 0 0 0 0 2 0 0 3 0 4 0 0 7 2 0 0 3 0 1 0 0 2 0 0 0 0 0 3 0 0 0 0 0 0 0 0 0
